0.020897844835234936 0
0.019090783395146027 -0.0394412
0.11102503415967191 -0.00522921
0.19302044700370868 -0.00522921
0.27501585984774524 -0.00522921
0.357011272691782 -0.00522921
0.4390066855358188 -0.00522921
0.5210020983798553 -0.00522921
0.6029975112238921 -0.00522921
0.6849929240679289 -0.00522921
0.7669883369119654 -0.00522921
0.8489837497560022 -0.00522921
0.930979162600039 -0.00522921
1.0129745754440755 -0.00984321
1.0949699882881123 -0.00522921
1.176965401132149 -0.00522921
1.2589608139761859 -0.00522921
1.3409562268202222 -0.00522921
1.422951639664259 -0.00522921
1.5049470525082957 -0.00522921
1.5869424653523325 -0.00522921
1.6689378781963693 -0.00522921
1.7509332910404056 -0.00522921
1.8329287038844424 -0.00522921
1.9149241167284792 -0.00522921
1.996919529572516 -0.00881788
2.078914942416553 -0.00522921
2.1609103552605893 -0.00522921
2.2429057681046256 -0.00522921
2.324901180948663 -0.00522921
2.406896593792699 -0.00522921
2.4888920066367364 -0.00522921
2.5708874194807727 -0.00522921
2.652882832324809 -0.00415261
2.7348782451688463 -0.00128167
2.8168736580128826 0.00194814
2.89886907085692 0.0105609
2.980864483700956 0.0391985
3.0661210777376544 0.0902519
3.140147438795113 0.162063
3.2058037713426186 0.262507
3.268593841499121 0.364774
3.3168736580128835 0.47438
3.3647520983798556 0.568619
3.4148012464794615 0.656572
3.454201639664258 0.739211
3.4904074063746133 0.828031
3.533043382783525 0.923519
3.580582999130481 1.01144
3.6190525570954524 1.09587
3.6572024041902536 1.20168
3.7188231992972867 1.29587
3.7892647130587545 1.39559
3.8679057681046265 1.48636
3.949901180948663 1.57328
4.027511812357189 1.62876
4.110164942416553 1.66842
4.200028601947643 1.66971
4.271305660171545 1.64925
4.3309934974624245 1.60964
4.402118306330926 1.59931
4.45997654136806 1.558
4.53505026351747 1.53648
4.5862126905399885 1.48407
4.66037279792114 1.44969
4.72699407085692 1.38994
4.780749804801873 1.32251
4.813648313976186 1.36555
4.8651025061270525 1.29329
4.947877435670735 1.25976
4.96259777334709 1.21569
5.031814680293355 1.21719
5.060566318563342 1.16775
5.142561731407378 1.16173
5.202872406970347 1.10403
5.287057144251415 1.06293
5.359228398074046 1.02392
5.399196724854298 0.9846
5.48079280938903 0.946519
5.56228650204958 0.897968
5.634001770725858 0.85583
5.713460274310778 0.830293
5.785946192416553 0.80036
5.873066318563342 0.778967
5.948435839460386 0.760155
5.977424116728479 0.673747
