-0.04054224412778973 0
0.036483749756002215 -0.0135572
-0.0007868924458326321 -0.0982498
0.11847916260003888 -0.0232466
0.20047457544407554 -0.0232466
0.2824699882881123 -0.0232466
0.3644654011321491 -0.0232466
0.44646081397618564 -0.0232466
0.5284562268202224 -0.0232466
0.6104516396642592 -0.0232466
0.6924470525082957 -0.0232466
0.7744424653523325 -0.0232466
0.8564378781963691 -0.0232466
0.9384332910404058 -0.0232466
1.0204287038844426 -0.0256049
1.1024241167284792 -0.0232466
1.184419529572516 -0.0232466
1.2664149424165527 -0.0232466
1.3484103552605895 -0.0232466
1.4304057681046258 -0.0232466
1.5124011809486626 -0.0232466
1.5943965937926994 -0.0232466
1.6763920066367362 -0.0232466
1.758387419480773 -0.0232466
1.8403828323248093 -0.0232466
1.922378245168846 -0.0232466
2.0043736580128826 -0.0261176
1.9857383369119652 -0.200886
2.08636907085692 -0.0185335
2.1753216702452987 0.0154614
2.241911884312577 0.171235
2.274213107554167 0.384139
2.305249387787695 0.580009
2.326392006636736 0.766735
2.3445529741096305 0.978352
2.3671412421107423 1.19917
2.380807144251415 1.38208
2.3994424653523323 1.59564
2.4197719065533336 1.82097
2.440101347754334 2.05998
2.466529621315635 2.33886
2.487536710556669 2.59885
2.5124967466978987 2.82556
2.545543382783525 3.06031
2.585222281866094 3.29979
2.635645160306461 3.46232
2.702399542678676 3.45006
2.7440525570954515 3.29685
2.8003680878949275 3.08911
2.839236043333984 2.8817
2.8765066855358183 2.71161
2.9137773277376535 2.52213
2.954775034159672 2.3278
2.99577274058169 2.14174
3.0364316229836925 1.96524
3.0752834439456045 1.79788
3.1283497392710746 1.59327
3.1762691363877176 1.41402
3.235620285104086 1.24716
3.3003271311452558 1.09391
3.3815238873706814 0.965612
3.46538283232481 0.849446
3.5473782451688463 0.750973
3.6293736580128826 0.675468
3.71136907085692 0.618049
3.793364483700956 0.578574
3.8753598965449934 0.549146
3.9573553093890297 0.526897
4.039350722233066 0.516131
4.121346135077103 0.508236
4.20334154792114 0.510389
4.285336960765177 0.502494
4.367332373609213 0.508236
4.44932778645325 0.521155
4.531323199297287 0.533356
4.613318612141323 0.551479
4.69531402498536 0.578175
4.7773094378293965 0.604213
4.859304850673434 0.623791
4.94130026351747 0.655371
5.023295676361506 0.687669
5.105291089205544 0.732886
5.18728650204958 0.770209
5.269281914893617 0.820051
5.3512773277376535 0.865029
5.43327274058169 0.907475
5.515268153425727 0.951237
5.597263566269763 1.00204
5.679258979113801 1.04582
5.761254391957837 1.08296
5.843249804801873 1.11486
5.9252452176459105 1.14636
5.977424116728479 1.23602
5.977424116728479 1.07022
