  0.100000000000000E-01  0.687682845305159E+02 -0.196306415268938E+03  0.556623611573710E+03
  0.200000000000000E-01  0.668327903630461E+02 -0.190818353392809E+03  0.541062302393642E+03
  0.300000000000000E-01  0.649514060510153E+02 -0.185483719121759E+03  0.525936034664139E+03
  0.400000000000000E-01  0.631226188663023E+02 -0.180298223140081E+03  0.511232646101070E+03
  0.500000000000000E-01  0.613449583715358E+02 -0.175257696046796E+03  0.496940314436534E+03
  0.600000000000000E-01  0.596169952377887E+02 -0.170358085003240E+03  0.483047547913167E+03
  0.700000000000000E-01  0.579373400953249E+02 -0.165595450474380E+03  0.469543176044179E+03
  0.800000000000000E-01  0.563046424164762E+02 -0.160965963061226E+03  0.456416340631725E+03
  0.900000000000000E-01  0.547175894297495E+02 -0.156465900421804E+03  0.443656487036357E+03
  0.100000000000000E+00  0.531749050642923E+02 -0.152091644278200E+03  0.431253355690569E+03
  0.110000000000000E+00  0.516753489238673E+02 -0.147839677507285E+03  0.419196973849581E+03
  0.120000000000000E+00  0.502177152895107E+02 -0.143706581312771E+03  0.407477647572746E+03
  0.130000000000000E+00  0.488008321500736E+02 -0.139689032476321E+03  0.396085953929139E+03
  0.140000000000000E+00  0.474235602598655E+02 -0.135783800685519E+03  0.385012733421034E+03
  0.150000000000000E+00  0.460847922226433E+02 -0.131987745936533E+03  0.374249082619213E+03
  0.160000000000000E+00  0.447834516012088E+02 -0.128297816009393E+03  0.363786347004155E+03
  0.170000000000000E+00  0.435184920518986E+02 -0.124711044013852E+03  0.353616114007366E+03
  0.180000000000000E+00  0.422888964832708E+02 -0.121224546003856E+03  0.343730206247246E+03
  0.190000000000000E+00  0.410936762383124E+02 -0.117835518658706E+03  0.334120674954063E+03
  0.200000000000000E+00  0.399318702995088E+02 -0.114541237029047E+03  0.324779793578742E+03
  0.210000000000000E+00  0.388025445161369E+02 -0.111339052345869E+03  0.315700051580323E+03
  0.220000000000000E+00  0.377047908531615E+02 -0.108226389890765E+03  0.306874148387112E+03
  0.230000000000000E+00  0.366377266611282E+02 -0.105200746925726E+03  0.298294987526651E+03
  0.240000000000000E+00  0.356004939664694E+02 -0.102259690680812E+03  0.289955670919792E+03
  0.250000000000000E+00  0.345922587816496E+02 -0.994008563980852E+02  0.281849493334295E+03
  0.260000000000000E+00  0.336122104345977E+02 -0.966219454302215E+02  0.273969936993485E+03
  0.270000000000000E+00  0.326595609168854E+02 -0.939207233922839E+02  0.266310666335624E+03
  0.280000000000000E+00  0.317335442501286E+02 -0.912950183651636E+02  0.258865522919803E+03
  0.290000000000000E+00  0.308334158701022E+02 -0.887427191492469E+02  0.251628520474243E+03
  0.300000000000000E+00  0.299584520280725E+02 -0.862617735669044E+02  0.244593840083032E+03
  0.310000000000000E+00  0.291079492088670E+02 -0.838501868124359E+02  0.237755825507418E+03
  0.320000000000000E+00  0.282812235652125E+02 -0.815060198481461E+02  0.231108978637910E+03
  0.330000000000000E+00  0.274776103678870E+02 -0.792273878452603E+02  0.224647955073519E+03
  0.340000000000000E+00  0.266964634712444E+02 -0.770124586684265E+02  0.218367559824590E+03
  0.350000000000000E+00  0.259371547936800E+02 -0.748594514025859E+02  0.212262743135768E+03
  0.360000000000000E+00  0.251990738126219E+02 -0.727666349210278E+02  0.206328596425739E+03
  0.370000000000000E+00  0.244816270736393E+02 -0.707323264934751E+02  0.200560348340479E+03
  0.380000000000000E+00  0.237842377132756E+02 -0.687548904330849E+02  0.194953360916851E+03
  0.390000000000000E+00  0.231063449952208E+02 -0.668327367812734E+02  0.189503125853442E+03
  0.400000000000000E+00  0.224474038594510E+02 -0.649643200293086E+02  0.184205260885663E+03
  0.410000000000000E+00  0.218068844839731E+02 -0.631481378756432E+02  0.179055506262189E+03
  0.420000000000000E+00  0.211842718588205E+02 -0.613827300179884E+02  0.174049721319897E+03
  0.430000000000000E+00  0.205790653719595E+02 -0.596666769791567E+02  0.169183881154573E+03
  0.440000000000000E+00  0.199907784067716E+02 -0.579985989657307E+02  0.164454073384674E+03
  0.450000000000000E+00  0.194189379507895E+02 -0.563771547586393E+02  0.159856495005588E+03
  0.460000000000000E+00  0.188630842153708E+02 -0.548010406347498E+02  0.155387449331814E+03
  0.470000000000000E+00  0.183227702660049E+02 -0.532689893186085E+02  0.151043343024648E+03
  0.480000000000000E+00  0.177975616629547E+02 -0.517797689634874E+02  0.146820683202956E+03
  0.490000000000000E+00  0.172870361119458E+02 -0.503321821609168E+02  0.142716074634716E+03
  0.500000000000000E+00  0.167907831246197E+02 -0.489250649779085E+02  0.138726217007086E+03
  0.510000000000000E+00  0.163084036884810E+02 -0.475572860210948E+02  0.134847902272781E+03
  0.520000000000000E+00  0.158395099460711E+02 -0.462277455270313E+02  0.131078012070643E+03
  0.530000000000000E+00  0.153837248831109E+02 -0.449353744779307E+02  0.127413515218321E+03
  0.540000000000000E+00  0.149406820253624E+02 -0.436791337421196E+02  0.123851465275047E+03
  0.550000000000000E+00  0.145100251439651E+02 -0.424580132385230E+02  0.120388998172545E+03
  0.560000000000000E+00  0.140914079690096E+02 -0.412710311245087E+02  0.117023329912183E+03
  0.570000000000000E+00  0.136844939111195E+02 -0.401172330064358E+02  0.113751754326491E+03
  0.580000000000000E+00  0.132889557908160E+02 -0.389956911722743E+02  0.110571640903266E+03
  0.590000000000000E+00  0.129044755754497E+02 -0.379055038456775E+02  0.107480432670510E+03
  0.600000000000000E+00  0.125307441234856E+02 -0.368457944609082E+02  0.104475644140493E+03
  0.610000000000000E+00  0.121674609359383E+02 -0.358157109580357E+02  0.101554859311296E+03
  0.620000000000000E+00  0.118143339147552E+02 -0.348144250978362E+02  0.987157297242252E+02
  0.630000000000000E+00  0.114710791279548E+02 -0.338411317958470E+02  0.959559725755272E+02
  0.640000000000000E+00  0.111374205813316E+02 -0.328950484750375E+02  0.932733688809044E+02
  0.650000000000000E+00  0.108130899965423E+02 -0.319754144365781E+02  0.906657616913376E+02
  0.660000000000000E+00  0.104978265953965E+02 -0.310814902481995E+02  0.881310543587896E+02
  0.670000000000000E+00  0.101913768901780E+02 -0.302125571496519E+02  0.856672088503946E+02
  0.680000000000000E+00  0.989349447982790E+01 -0.293679164747856E+02  0.832722441097767E+02
  0.690000000000000E+00  0.960393985182545E+01 -0.285468890897875E+02  0.809442344641803E+02
  0.700000000000000E+00  0.932248018960811E+01 -0.277488148471240E+02  0.786813080761318E+02
  0.710000000000000E+00  0.904888918537510E+01 -0.269730520547485E+02  0.764816454383877E+02
  0.720000000000000E+00  0.878294685812460E+01 -0.262189769601486E+02  0.743434779109590E+02
  0.730000000000000E+00  0.852443937677778E+01 -0.254859832488175E+02  0.722650862990343E+02
  0.740000000000000E+00  0.827315888824794E+01 -0.247734815567466E+02  0.702447994706617E+02
  0.750000000000000E+00  0.802890335031599E+01 -0.240808989965471E+02  0.682809930130730E+02
  0.760000000000000E+00  0.779147636917840E+01 -0.234076786968192E+02  0.663720879265741E+02
  0.770000000000000E+00  0.756068704153653E+01 -0.227532793543999E+02  0.645165493549494E+02
  0.780000000000000E+00  0.733634980110085E+01 -0.221171747991274E+02  0.627128853513599E+02
  0.790000000000000E+00  0.711828426938618E+01 -0.214988535707739E+02  0.609596456787424E+02
  0.800000000000000E+00  0.690631511067827E+01 -0.208978185078056E+02  0.592554206437455E+02
  0.810000000000000E+00  0.670027189105507E+01 -0.203135863476400E+02  0.575988399632650E+02
  0.820000000000000E+00  0.649998894134917E+01 -0.197456873380778E+02  0.559885716626669E+02
  0.830000000000000E+00  0.630530522394149E+01 -0.191936648595990E+02  0.544233210048123E+02
  0.840000000000000E+00  0.611606420327881E+01 -0.186570750582171E+02  0.529018294490237E+02
  0.850000000000000E+00  0.593211372001134E+01 -0.181354864885985E+02  0.514228736391542E+02
  0.860000000000000E+00  0.575330586864885E+01 -0.176284797671586E+02  0.499852644199476E+02
  0.870000000000000E+00  0.557949687863723E+01 -0.171356472348560E+02  0.485878458808973E+02
  0.880000000000000E+00  0.541054699875965E+01 -0.166565926294139E+02  0.472294944268358E+02
  0.890000000000000E+00  0.524632038476955E+01 -0.161909307667058E+02  0.459091178745074E+02
  0.900000000000000E+00  0.508668499016497E+01 -0.157382872310472E+02  0.446256545743977E+02
  0.910000000000000E+00  0.493151246001650E+01 -0.152982980741470E+02  0.433780725571136E+02
  0.920000000000000E+00  0.478067802776342E+01 -0.148706095224746E+02  0.421653687036277E+02
  0.930000000000000E+00  0.463406041489509E+01 -0.144548776928078E+02  0.409865679387201E+02
  0.940000000000000E+00  0.449154173343686E+01 -0.140507683157336E+02  0.398407224469684E+02
  0.950000000000000E+00  0.435300739116223E+01 -0.136579564668786E+02  0.387269109106563E+02
  0.960000000000000E+00  0.421834599945485E+01 -0.132761263056532E+02  0.376442377689873E+02
  0.970000000000000E+00  0.408744928374650E+01 -0.129049708213004E+02  0.365918324980089E+02
  0.980000000000000E+00  0.396021199645878E+01 -0.125441915860425E+02  0.355688489106672E+02
  0.990000000000000E+00  0.383653183237882E+01 -0.121934985151314E+02  0.345744644764296E+02
  0.100000000000000E+01  0.371630934640068E+01 -0.118526096336048E+02  0.336078796599288E+02
  0.101000000000000E+01  0.359944787356643E+01 -0.115212508495646E+02  0.326683172780958E+02
  0.102000000000000E+01  0.348585345134269E+01 -0.111991557337927E+02  0.317550218752657E+02
  0.103000000000000E+01  0.337543474406994E+01 -0.108860653055290E+02  0.308672591157526E+02
  0.104000000000000E+01  0.326810296952410E+01 -0.105817278242375E+02  0.300043151934072E+02
  0.105000000000000E+01  0.316377182753108E+01 -0.102858985871939E+02  0.291654962576801E+02
  0.106000000000000E+01  0.306235743057708E+01 -0.999833973273280E+01  0.283501278557312E+02
  0.107000000000000E+01  0.296377823635882E+01 -0.971882004899440E+01  0.275575543901353E+02
  0.108000000000000E+01  0.286795498221938E+01 -0.944711478801875E+01  0.267871385917487E+02
  0.109000000000000E+01  0.277481062141702E+01 -0.918300548503694E+01  0.260382610073124E+02
  0.110000000000000E+01  0.268427026117569E+01 -0.892627978281438E+01  0.253103195013807E+02
  0.111000000000000E+01  0.259626110246749E+01 -0.867673126090485E+01  0.246027287721737E+02
  0.112000000000000E+01  0.251071238147854E+01 -0.843415926967803E+01  0.239149198809649E+02
  0.113000000000000E+01  0.242755531271127E+01 -0.819836876898704E+01  0.232463397946260E+02
  0.114000000000000E+01  0.234672303367749E+01 -0.796917017134630E+01  0.225964509409599E+02
  0.115000000000000E+01  0.226815055113745E+01 -0.774637918949361E+01  0.219647307764661E+02
  0.116000000000000E+01  0.219177468884210E+01 -0.752981668821390E+01  0.213506713661885E+02
  0.117000000000000E+01  0.211753403673611E+01 -0.731930854030539E+01  0.207537789753107E+02
  0.118000000000000E+01  0.204536890158112E+01 -0.711468548657257E+01  0.201735736721678E+02
  0.119000000000000E+01  0.197522125895936E+01 -0.691578299973325E+01  0.196095889423574E+02
  0.120000000000000E+01  0.190703470661907E+01 -0.672244115213027E+01  0.190613713136382E+02
  0.121000000000000E+01  0.184075441912423E+01 -0.653450448714160E+01  0.185284799913154E+02
  0.122000000000000E+01  0.177632710377215E+01 -0.635182189418537E+01  0.180104865038197E+02
  0.123000000000000E+01  0.171370095774344E+01 -0.617424648721926E+01  0.175069743581940E+02
  0.124000000000000E+01  0.165282562644995E+01 -0.600163548663679E+01  0.170175387052127E+02
  0.125000000000000E+01  0.159365216304708E+01 -0.583385010446521E+01  0.165417860138620E+02
  0.126000000000000E+01  0.153613298907807E+01 -0.567075543277299E+01  0.160793337549208E+02
  0.127000000000000E+01  0.148022185621854E+01 -0.551222033519702E+01  0.156298100933888E+02
  0.128000000000000E+01  0.142587380909045E+01 -0.535811734150233E+01  0.151928535895112E+02
  0.129000000000000E+01  0.137304514911574E+01 -0.520832254508960E+01  0.147681129081637E+02
  0.130000000000000E+01  0.132169339938045E+01 -0.506271550336797E+01  0.143552465363612E+02
  0.131000000000000E+01  0.127177727048113E+01 -0.492117914091311E+01  0.139539225086634E+02
  0.132000000000000E+01  0.122325662732607E+01 -0.478359965533265E+01  0.135638181402589E+02
  0.133000000000000E+01  0.117609245686469E+01 -0.464986642576332E+01  0.131846197675093E+02
  0.134000000000000E+01  0.113024683671902E+01 -0.451987192392617E+01  0.128160224957482E+02
  0.135000000000000E+01  0.108568290469221E+01 -0.439351162766840E+01  0.124577299541307E+02
  0.136000000000000E+01  0.104236482912951E+01 -0.427068393692227E+01  0.121094540573359E+02
  0.137000000000000E+01  0.100025778010773E+01 -0.415129009201349E+01  0.117709147739317E+02
  0.138000000000000E+01  0.959327901430251E+00 -0.403523409425347E+01  0.114418399012156E+02
  0.139000000000000E+01  0.919542283404964E+00 -0.392242262875150E+01  0.111219648463500E+02
  0.140000000000000E+01  0.880868936383168E+00 -0.381276498938488E+01  0.108110324136158E+02
  0.141000000000000E+01  0.843276765038295E+00 -0.370617300586659E+01  0.105087925976145E+02
  0.142000000000000E+01  0.806735543363692E+00 -0.360256097285194E+01  0.102150023822510E+02
  0.143000000000000E+01  0.771215890369382E+00 -0.350184558102711E+01  0.992942554533611E+01
  0.144000000000000E+01  0.736689246458268E+00 -0.340394585012431E+01  0.965183246865259E+01
  0.145000000000000E+01  0.703127850462762E+00 -0.330878306380945E+01  0.938199995332993E+01
  0.146000000000000E+01  0.670504717323416E+00 -0.321628070639033E+01  0.911971104038140E+01
  0.147000000000000E+01  0.638793616391559E+00 -0.312636440129410E+01  0.886475483625808E+01
  0.148000000000000E+01  0.607969050338532E+00 -0.303896185126474E+01  0.861692634327966E+01
  0.149000000000000E+01  0.578006234654551E+00 -0.295400278023241E+01  0.837602629480609E+01
  0.150000000000000E+01  0.548881077720699E+00 -0.287141887680796E+01  0.814186099501698E+01
  0.151000000000000E+01  0.520570161438056E+00 -0.279114373935706E+01  0.791424216317047E+01
  0.152000000000000E+01  0.493050722398356E+00 -0.271311282261002E+01  0.769298678221595E+01
  0.153000000000000E+01  0.466300633581058E+00 -0.263726338576404E+01  0.747791695163909E+01
  0.154000000000000E+01  0.440298386562105E+00 -0.256353444203649E+01  0.726885974442086E+01
  0.155000000000000E+01  0.415023074220059E+00 -0.249186670962841E+01  0.706564706799543E+01
  0.156000000000000E+01  0.390454373925722E+00 -0.242220256405899E+01  0.686811552909527E+01
  0.157000000000000E+01  0.366572531201713E+00 -0.235448599183255E+01  0.667610630237471E+01
  0.158000000000000E+01  0.343358343838869E+00 -0.228866254540084E+01  0.648946500270628E+01
  0.159000000000000E+01  0.320793146456698E+00 -0.222467929938451E+01  0.630804156104733E+01
  0.160000000000000E+01  0.298858795495468E+00 -0.216248480801835E+01  0.613169010377686E+01
  0.161000000000000E+01  0.277537654627873E+00 -0.210202906378639E+01  0.596026883540582E+01
  0.162000000000000E+01  0.256812580578525E+00 -0.204326345721323E+01  0.579363992456633E+01
  0.163000000000000E+01  0.236666909339902E+00 -0.198614073777966E+01  0.563166939318828E+01
  0.164000000000000E+01  0.217084442773640E+00 -0.193061497593076E+01  0.547422700877423E+01
  0.165000000000000E+01  0.198049435586408E+00 -0.187664152614628E+01  0.532118617968584E+01
  0.166000000000000E+01  0.179546582669901E+00 -0.182417699104337E+01  0.517242385335785E+01
  0.167000000000000E+01  0.161561006794756E+00 -0.177317918648288E+01  0.502782041735754E+01
  0.168000000000000E+01  0.144078246648508E+00 -0.172360710765117E+01  0.488725960321034E+01
  0.169000000000000E+01  0.127084245207964E+00 -0.167542089609020E+01  0.475062839291404E+01
  0.170000000000000E+01  0.110565338436643E+00 -0.162858180764928E+01  0.461781692806666E+01
  0.171000000000000E+01  0.945082442982045E-01 -0.158305218133283E+01  0.448871842153469E+01
  0.172000000000000E+01  0.789000520770157E-01 -0.153879540901904E+01  0.436322907159087E+01
  0.173000000000000E+01  0.637282119972836E-01 -0.149577590602506E+01  0.424124797845233E+01
  0.174000000000000E+01  0.489805251324035E-01 -0.145395908249516E+01  0.412267706315207E+01
  0.175000000000000E+01  0.346451335964013E-01 -0.141331131558871E+01  0.400742098867850E+01
  0.176000000000000E+01  0.207105110095968E-01 -0.137379992244571E+01  0.389538708331971E+01
  0.177000000000000E+01  0.716545323081041E-02 -0.133539313390814E+01  0.378648526615065E+01
  0.178000000000000E+01 -0.600093065133434E-02 -0.129806006897593E+01  0.368062797460358E+01
  0.179000000000000E+01 -0.187992270752513E-01 -0.126177070997708E+01  0.357773009406330E+01
  0.180000000000000E+01 -0.311979775129623E-01 -0.120991673962330E+01  0.665052573593826E+01
  0.181000000000000E+01 -0.429781962718075E-01 -0.114748477708664E+01  0.583586677139383E+01
  0.182000000000000E+01 -0.541748283535133E-01 -0.109319940419543E+01  0.502120780684941E+01
  0.183000000000000E+01 -0.648693396545342E-01 -0.104706062094965E+01  0.420654884230499E+01
  0.184000000000000E+01 -0.751384188779387E-01 -0.100706530782336E+01  0.395184039141747E+01
  0.185000000000000E+01 -0.850120135741714E-01 -0.967706995180143E+00  0.391982213722693E+01
  0.186000000000000E+01 -0.944936260566813E-01 -0.928668865078826E+00  0.388780388303640E+01
  0.187000000000000E+01 -0.103586458150888E+00 -0.889950917519415E+00  0.385578562884586E+01
  0.188000000000000E+01 -0.112294886789238E+00 -0.851929785022872E+00  0.374329126912458E+01
  0.189000000000000E+01 -0.120628986676128E+00 -0.815086852366887E+00  0.362529526207243E+01
  0.190000000000000E+01 -0.128600557036810E+00 -0.779423879781423E+00  0.350729925502027E+01
  0.191000000000000E+01 -0.136221397348413E+00 -0.744940630463872E+00  0.338960575793140E+01
  0.192000000000000E+01 -0.143503257761138E+00 -0.711624891679345E+00  0.327354199897391E+01
  0.193000000000000E+01 -0.150457763973965E+00 -0.679469790484394E+00  0.315747824001643E+01
  0.194000000000000E+01 -0.157096522362791E+00 -0.648475326879017E+00  0.304141448105895E+01
  0.195000000000000E+01 -0.163431111988625E+00 -0.618619771007327E+00  0.293687524761890E+01
  0.196000000000000E+01 -0.169471890992029E+00 -0.589678535244446E+00  0.285137190495719E+01
  0.197000000000000E+01 -0.175227532804936E+00 -0.561592332908183E+00  0.276586856229549E+01
  0.198000000000000E+01 -0.180706587761615E+00 -0.534361163998537E+00  0.268036521963378E+01
  0.199000000000000E+01 -0.185917626196545E+00 -0.507995067876474E+00  0.259150228759299E+01
  0.200000000000000E+01 -0.190869520504882E+00 -0.482535668186052E+00  0.250037765049150E+01
  0.201000000000000E+01 -0.195571377048169E+00 -0.457987514866645E+00  0.240925301339001E+01
  0.202000000000000E+01 -0.200032308290118E+00 -0.434350607918251E+00  0.231812837628851E+01
  0.203000000000000E+01 -0.204261426694438E+00 -0.411624947340874E+00  0.222700373918702E+01
  0.204000000000000E+01 -0.208267844724839E+00 -0.389810533134511E+00  0.213587910208553E+01
  0.205000000000000E+01 -0.212060674845031E+00 -0.368907365299164E+00  0.204475446498404E+01
  0.206000000000000E+01 -0.215649029518725E+00 -0.348915443834831E+00  0.195362982788254E+01
  0.207000000000000E+01 -0.219042021209631E+00 -0.329834768741513E+00  0.186250519078105E+01
  0.208000000000000E+01 -0.222248762381459E+00 -0.311665340019210E+00  0.177138055367956E+01
  0.209000000000000E+01 -0.225278365497919E+00 -0.294407157667922E+00  0.168025591657806E+01
  0.210000000000000E+01 -0.228139943022721E+00 -0.278060221687649E+00  0.158913127947657E+01
  0.211000000000000E+01 -0.230842607419575E+00 -0.262624532078390E+00  0.149800664237508E+01
  0.212000000000000E+01 -0.233395471152192E+00 -0.248100088840147E+00  0.140688200527358E+01
  0.213000000000000E+01 -0.235807646684282E+00 -0.234486891972918E+00  0.131575736817209E+01
  0.214000000000000E+01 -0.237519295609405E+00 -0.206551188763254E+00  0.152760849090898E+01
  0.215000000000000E+01 -0.239509385396584E+00 -0.191562601081901E+00  0.147010904536141E+01
  0.216000000000000E+01 -0.241352464279228E+00 -0.177149007856025E+00  0.141260959981385E+01
  0.217000000000000E+01 -0.243054282201890E+00 -0.163310409085625E+00  0.135511015426628E+01
  0.218000000000000E+01 -0.244620494155728E+00 -0.150006133279715E+00  0.130922461781808E+01
  0.219000000000000E+01 -0.246055776215159E+00 -0.137118474358859E+00  0.126830716635296E+01
  0.220000000000000E+01 -0.247364227557954E+00 -0.124639989952655E+00  0.122738971488785E+01
  0.221000000000000E+01 -0.248549939929261E+00 -0.112570680061102E+00  0.118647226342274E+01
  0.222000000000000E+01 -0.249617098238272E+00 -0.100940893238750E+00  0.113896403800735E+01
  0.223000000000000E+01 -0.250570360202424E+00 -0.897916229579762E-01  0.109089001814732E+01
  0.224000000000000E+01 -0.251414533164760E+00 -0.791230928758035E-01  0.104281599828728E+01
  0.225000000000000E+01 -0.252154423729525E+00 -0.689336115236575E-01  0.997132944652146E+00
  0.226000000000000E+01 -0.252794422786416E+00 -0.591181587430478E-01  0.965957611469840E+00
  0.227000000000000E+01 -0.253337826082159E+00 -0.496144592942607E-01  0.934782278287532E+00
  0.228000000000000E+01 -0.253787751150073E+00 -0.404225131772971E-01  0.903606945105226E+00
  0.229000000000000E+01 -0.254147319633950E+00 -0.315457265221141E-01  0.870549959474759E+00
  0.230000000000000E+01 -0.254419855613710E+00 -0.230220906811134E-01  0.834177208725409E+00
  0.231000000000000E+01 -0.254608973872597E+00 -0.148621823476059E-01  0.797804457976057E+00
  0.232000000000000E+01 -0.254718311685687E+00 -0.706600152159226E-02  0.761431707226707E+00
  0.233000000000000E+01 -0.254751460456850E+00  0.390073053740493E-03  0.733168092875856E+00
  0.234000000000000E+01 -0.254711275546479E+00  0.760948653945255E-02  0.710714604266522E+00
  0.235000000000000E+01 -0.254600019175682E+00  0.146043651390709E-01  0.688261115657189E+00
  0.236000000000000E+01 -0.254419936693318E+00  0.213747088525963E-01  0.665807627047854E+00
  0.237000000000000E+01 -0.254173329396358E+00  0.278996189456804E-01  0.638149826685272E+00
  0.238000000000000E+01 -0.253862907940781E+00  0.341364496485337E-01  0.609216313885371E+00
  0.239000000000000E+01 -0.253491564853814E+00  0.400839452233878E-01  0.580282801085471E+00
  0.240000000000000E+01 -0.253062193484357E+00  0.457421358521033E-01  0.551604210396384E+00
  0.241000000000000E+01 -0.252577494713543E+00  0.511673384880131E-01  0.533436316785616E+00
  0.242000000000000E+01 -0.252039452311051E+00  0.564108621878156E-01  0.515268423174848E+00
  0.243000000000000E+01 -0.251449883066241E+00  0.614727069515101E-01  0.497100529564081E+00
  0.244000000000000E+01 -0.250810604496783E+00  0.663519781501531E-01  0.478200015202592E+00
  0.245000000000000E+01 -0.250123527508631E+00  0.710281400693316E-01  0.457032368633124E+00
  0.246000000000000E+01 -0.249390747283615E+00  0.754926255228156E-01  0.435864722063655E+00
  0.247000000000000E+01 -0.248614380586393E+00  0.797454345106047E-01  0.414697075494187E+00
  0.248000000000000E+01 -0.247796530678735E+00  0.837952827939308E-01  0.397279960007653E+00
  0.249000000000000E+01 -0.246938932154126E+00  0.877025919949022E-01  0.384181880186632E+00
  0.250000000000000E+01 -0.246042915441498E+00  0.914789203976635E-01  0.371083800365610E+00
  0.251000000000000E+01 -0.245109790348834E+00  0.951242680022144E-01  0.357985720544589E+00
  0.252000000000000E+01 -0.244140878729223E+00  0.986333620610194E-01  0.343348876902487E+00
  0.253000000000000E+01 -0.243137633387988E+00  0.101990133864140E+00  0.328005483721600E+00
  0.254000000000000E+01 -0.242101587498380E+00  0.105193471735451E+00  0.312662090540711E+00
  0.255000000000000E+01 -0.241034275399718E+00  0.108243375674954E+00  0.297318697359824E+00
  0.256000000000000E+01 -0.239937179101963E+00  0.111157175765753E+00  0.285801477443685E+00
  0.257000000000000E+01 -0.238811502597752E+00  0.113959592344696E+00  0.274681838345072E+00
  0.258000000000000E+01 -0.237658357909706E+00  0.116650812532654E+00  0.263562199246460E+00
  0.259000000000000E+01 -0.236478857019602E+00  0.119230793929987E+00  0.252375481675659E+00
  0.260000000000000E+01 -0.235274124477011E+00  0.121696297508933E+00  0.240725234113635E+00
  0.261000000000000E+01 -0.234045319411009E+00  0.124045298612259E+00  0.229074986551611E+00
  0.262000000000000E+01 -0.232793606846352E+00  0.126277797239965E+00  0.217424738989587E+00
  0.263000000000000E+01 -0.231520149329532E+00  0.128395936194232E+00  0.207009657756255E+00
  0.264000000000000E+01 -0.230225974323689E+00  0.130425581075550E+00  0.198919318507255E+00
  0.265000000000000E+01 -0.228911907385996E+00  0.132374322564377E+00  0.190828979258254E+00
  0.266000000000000E+01 -0.227578757550376E+00  0.134242160660715E+00  0.182738640009254E+00
  0.267000000000000E+01 -0.226227335415125E+00  0.136028268405276E+00  0.174356868306454E+00
  0.268000000000000E+01 -0.224858478285397E+00  0.137728817766441E+00  0.165753003926461E+00
  0.269000000000000E+01 -0.223473045855275E+00  0.139343328483806E+00  0.157149139546469E+00
  0.270000000000000E+01 -0.222071898511200E+00  0.140871800557370E+00  0.148545275166476E+00
  0.271000000000000E+01 -0.220655883384683E+00  0.142319279885961E+00  0.141221996202847E+00
  0.272000000000000E+01 -0.219225745800718E+00  0.143696605436364E+00  0.134243113877772E+00
  0.273000000000000E+01 -0.217782183905366E+00  0.145004142163517E+00  0.127264231552696E+00
  0.274000000000000E+01 -0.216325895586851E+00  0.146241890355155E+00  0.120292033778028E+00
  0.275000000000000E+01 -0.214857565455326E+00  0.147413798578229E+00  0.114089610836708E+00
  0.276000000000000E+01 -0.213377826362717E+00  0.148523682571889E+00  0.107887187895389E+00
  0.277000000000000E+01 -0.211887298551319E+00  0.149571542336137E+00  0.101684764954070E+00
  0.278000000000000E+01 -0.210386602132184E+00  0.150557549686160E+00  0.956322962946673E-01
  0.279000000000000E+01 -0.208876337487986E+00  0.151486132405581E+00  0.900842475895836E-01
  0.280000000000000E+01 -0.207357064419029E+00  0.152359234637952E+00  0.845361988845002E-01
  0.281000000000000E+01 -0.205829337730184E+00  0.153176856383271E+00  0.789881501794165E-01
  0.282000000000000E+01 -0.204293711421326E+00  0.153939534657053E+00  0.736789318615026E-01
  0.283000000000000E+01 -0.202750715744259E+00  0.154651239146765E+00  0.686619660809448E-01
  0.284000000000000E+01 -0.201200853870584E+00  0.155312773978672E+00  0.636450003003867E-01
  0.285000000000000E+01 -0.199644627496878E+00  0.155924139152773E+00  0.586280345198289E-01
  0.286000000000000E+01 -0.198082536125074E+00  0.156486316976995E+00  0.539041846257409E-01
  0.287000000000000E+01 -0.196515054073473E+00  0.157002460603064E+00  0.493245405880766E-01
  0.288000000000000E+01 -0.194942639567814E+00  0.157472807788757E+00  0.447448965504120E-01
  0.289000000000000E+01 -0.193365750572499E+00  0.157897358534072E+00  0.401652525127477E-01
  0.290000000000000E+01 -0.191784840517428E+00  0.158277639951342E+00  0.359284715906406E-01
  0.291000000000000E+01 -0.190200337606844E+00  0.158615950914463E+00  0.317337210334412E-01
  0.292000000000000E+01 -0.188612661324157E+00  0.158912314372011E+00  0.275389704762415E-01
  0.293000000000000E+01 -0.187022231139585E+00  0.159166743357343E+00  0.233676300996799E-01
  0.294000000000000E+01 -0.185429461732952E+00  0.159380497124787E+00  0.193831233890245E-01
  0.295000000000000E+01 -0.183834754013980E+00  0.159554405825124E+00  0.153986166783692E-01
  0.296000000000000E+01 -0.182238506433340E+00  0.159688469458354E+00  0.114141099677138E-01
  0.297000000000000E+01 -0.180641116960921E+00  0.159783122602653E+00  0.769147976271696E-02
  0.298000000000000E+01 -0.179042954418802E+00  0.159844060031724E+00  0.449600605137390E-02
  0.299000000000000E+01 -0.177444342276077E+00  0.159873042723681E+00  0.130053234003097E-02
  0.300000000000000E+01 -0.175845600080119E+00  0.159870070678524E+00 -0.189494137131210E-02
  0.301000000000000E+01 -0.174247041053208E+00  0.159838578686398E+00 -0.384692441668489E-02
  0.302000000000000E+01 -0.172648863355577E+00  0.159795386538806E+00 -0.479150510182626E-02
  0.303000000000000E+01 -0.171051164808455E+00  0.159742748584362E+00 -0.573608578696758E-02
  0.304000000000000E+01 -0.169454039869912E+00  0.159680664823066E+00 -0.668066647210894E-02
  0.305000000000000E+01 -0.167857619560369E+00  0.159594945302070E+00 -0.112966877876898E-01
  0.306000000000000E+01 -0.166262329845667E+00  0.159453507245411E+00 -0.169909235441759E-01
  0.307000000000000E+01 -0.164668739223320E+00  0.159255126831187E+00 -0.226851593006617E-01
  0.308000000000000E+01 -0.163077417116902E+00  0.158999804059398E+00 -0.283793950571478E-01
  0.309000000000000E+01 -0.161488866290119E+00  0.158707666943656E+00 -0.300218485121825E-01
  0.310000000000000E+01 -0.159903317648168E+00  0.158399367940418E+00 -0.316379521353142E-01
  0.311000000000000E+01 -0.158320932801431E+00  0.158074907900949E+00 -0.332540557584459E-01
  0.312000000000000E+01 -0.156741873101694E+00  0.157734649168731E+00 -0.345316574347985E-01
  0.313000000000000E+01 -0.155166253775510E+00  0.157389157804786E+00 -0.345666153543000E-01
  0.314000000000000E+01 -0.153594091110862E+00  0.157043316861645E+00 -0.346015732738015E-01
  0.315000000000000E+01 -0.152025388603541E+00  0.156697126339310E+00 -0.346365311933030E-01
  0.316000000000000E+01 -0.150460149712387E+00  0.156350611744209E+00 -0.346597521502594E-01
  0.317000000000000E+01 -0.148898376715114E+00  0.156003974454251E+00 -0.346677058411715E-01
  0.318000000000000E+01 -0.147340070488425E+00  0.155657257627385E+00 -0.346756595320837E-01
  0.319000000000000E+01 -0.145785231827689E+00  0.155310461263610E+00 -0.346836132229958E-01
  0.320000000000000E+01 -0.144233861512686E+00  0.154963592501170E+00 -0.346893879026813E-01
  0.321000000000000E+01 -0.142685960134201E+00  0.154616675482742E+00 -0.346940157829883E-01
  0.322000000000000E+01 -0.141141528157294E+00  0.154269712185510E+00 -0.346986436632954E-01
  0.323000000000000E+01 -0.139600566044753E+00  0.153922702609476E+00 -0.347032715436024E-01
  0.324000000000000E+01 -0.138063165080431E+00  0.153544534051974E+00 -0.418134483463411E-01
  0.325000000000000E+01 -0.136529945720467E+00  0.153085807126890E+00 -0.499319366705393E-01
  0.326000000000000E+01 -0.135001719554170E+00  0.152545895318564E+00 -0.580504249947371E-01
  0.327000000000000E+01 -0.133479298331940E+00  0.151925105344057E+00 -0.655317611522031E-01
  0.328000000000000E+01 -0.131963348876820E+00  0.151262284653599E+00 -0.670323769393692E-01
  0.329000000000000E+01 -0.130454102659394E+00  0.150584457805269E+00 -0.685329927265354E-01
  0.330000000000000E+01 -0.128951709741241E+00  0.149891624799068E+00 -0.700336085137014E-01
  0.331000000000000E+01 -0.127456319388809E+00  0.149184538539178E+00 -0.710589438697737E-01
  0.332000000000000E+01 -0.125968026958634E+00  0.148473946693388E+00 -0.710594252882260E-01
  0.333000000000000E+01 -0.124486840470989E+00  0.147763350033414E+00 -0.710599067066782E-01
  0.334000000000000E+01 -0.123012759974013E+00  0.147052748559255E+00 -0.710603881251304E-01
  0.335000000000000E+01 -0.121545785514860E+00  0.146342142823849E+00 -0.710606637503734E-01
  0.336000000000000E+01 -0.120085917121450E+00  0.145631535694061E+00 -0.710607622072443E-01
  0.337000000000000E+01 -0.118633154804261E+00  0.144920927579705E+00 -0.710608606641152E-01
  0.338000000000000E+01 -0.117187498573138E+00  0.144210318480779E+00 -0.710609591209861E-01
  0.339000000000000E+01 -0.115748948437483E+00  0.143499708573125E+00 -0.710610111773190E-01
  0.340000000000000E+01 -0.114317504402931E+00  0.142789098275171E+00 -0.710610484133580E-01
  0.341000000000000E+01 -0.112893166473221E+00  0.142078487604857E+00 -0.710610856493971E-01
  0.342000000000000E+01 -0.111475934652075E+00  0.141367876562183E+00 -0.710611228854361E-01
  0.343000000000000E+01 -0.110065808942911E+00  0.140657265241370E+00 -0.710611408625797E-01
  0.344000000000000E+01 -0.108662789347833E+00  0.139946653744977E+00 -0.710611584159251E-01
  0.345000000000000E+01 -0.107266875868597E+00  0.139236042073051E+00 -0.710611759692706E-01
  0.346000000000000E+01 -0.105878068506956E+00  0.138525430227180E+00 -0.710611919261055E-01
  0.347000000000000E+01 -0.104496367264439E+00  0.137814818260263E+00 -0.710612014574400E-01
  0.348000000000000E+01 -0.103121772142068E+00  0.137104206198032E+00 -0.710612109887744E-01
  0.349000000000000E+01 -0.101754283140796E+00  0.136393594040487E+00 -0.710612205201088E-01
  0.350000000000000E+01 -0.100393900261572E+00  0.135682981790584E+00 -0.710612286430424E-01
  0.351000000000000E+01 -0.990406235052015E-01  0.134972369473281E+00 -0.710612348175565E-01
  0.352000000000000E+01 -0.976944528723125E-01  0.134261757094233E+00 -0.710612409920707E-01
  0.353000000000000E+01 -0.963553883635227E-01  0.133551144653440E+00 -0.710612471665848E-01
  0.354000000000000E+01 -0.950234299794409E-01  0.132840532154922E+00 -0.710612520849560E-01
  0.355000000000000E+01 -0.936985777205662E-01  0.132129919613011E+00 -0.710612562970895E-01
  0.356000000000000E+01 -0.923808315873211E-01  0.131419307028980E+00 -0.710612605092229E-01
  0.357000000000000E+01 -0.910701915801270E-01  0.130708694402827E+00 -0.710612647213563E-01
  0.358000000000000E+01 -0.897666576993904E-01  0.129998081739620E+00 -0.710612677559886E-01
  0.359000000000000E+01 -0.884702299454295E-01  0.129287469047840E+00 -0.710612705999839E-01
  0.360000000000000E+01 -0.871809083185285E-01  0.128576856327620E+00 -0.710612734439791E-01
  0.361000000000000E+01 -0.858986928189719E-01  0.127866243578988E+00 -0.710612762191458E-01
  0.362000000000000E+01 -0.846235834470262E-01  0.127155630806815E+00 -0.710612782155746E-01
  0.363000000000000E+01 -0.833555802029021E-01  0.126445018014677E+00 -0.710612802120033E-01
  0.364000000000000E+01 -0.820946830867992E-01  0.125734405202575E+00 -0.710612822084321E-01
  0.365000000000000E+01 -0.808408920989170E-01  0.125023792370711E+00 -0.710612840702442E-01
  0.366000000000000E+01 -0.795942072394393E-01  0.124313179522257E+00 -0.710612856205604E-01
  0.367000000000000E+01 -0.783546285085235E-01  0.123602566658300E+00 -0.710612871708766E-01
  0.368000000000000E+01 -0.771221559063249E-01  0.122891953778840E+00 -0.710612887211928E-01
  0.369000000000000E+01 -0.758967894329978E-01  0.122181340884206E+00 -0.710612901451432E-01
  0.370000000000000E+01 -0.746785290886848E-01  0.121470727976213E+00 -0.710612914535195E-01
  0.371000000000000E+01 -0.734673748735172E-01  0.120760115055136E+00 -0.710612927618958E-01
  0.372000000000000E+01 -0.722633267876257E-01  0.120049502120975E+00 -0.710612940702721E-01
  0.373000000000000E+01 -0.710663848311400E-01  0.119338889174259E+00 -0.710612952364595E-01
  0.374000000000000E+01 -0.698765490041778E-01  0.118628276216309E+00 -0.710612963534260E-01
  0.375000000000000E+01 -0.686938193068510E-01  0.117917663247190E+00 -0.710612974703924E-01
  0.376000000000000E+01 -0.675181957392713E-01  0.117207050266901E+00 -0.710612985873589E-01
  0.377000000000000E+01 -0.663496783015473E-01  0.116496437276358E+00 -0.710612995142488E-01
  0.378000000000000E+01 -0.651882669937747E-01  0.115785824276618E+00 -0.710613004339172E-01
  0.379000000000000E+01 -0.640339618160456E-01  0.115075211267680E+00 -0.710613013535857E-01
  0.380000000000000E+01 -0.628867627684518E-01  0.114364598249577E+00 -0.710613022396706E-01
  0.381000000000000E+01 -0.617466698510802E-01  0.113653985223495E+00 -0.710613029767667E-01
  0.382000000000000E+01 -0.606136830640064E-01  0.112943372190041E+00 -0.710613037138627E-01
  0.383000000000000E+01 -0.594878024073040E-01  0.112232759149217E+00 -0.710613044509588E-01
  0.384000000000000E+01 -0.583690278810465E-01  0.111522146101125E+00 -0.710613051374496E-01
  0.385000000000000E+01 -0.572573594853024E-01  0.110811533046690E+00 -0.710613057494380E-01
  0.386000000000000E+01 -0.561527972201331E-01  0.110100919986136E+00 -0.710613063614265E-01
  0.387000000000000E+01 -0.550553410856001E-01  0.109390306919462E+00 -0.710613069734149E-01
  0.388000000000000E+01 -0.539649910817641E-01  0.108679693846771E+00 -0.710613075524417E-01
  0.389000000000000E+01 -0.528817472086834E-01  0.107969080768450E+00 -0.710613081116951E-01
  0.390000000000000E+01 -0.518056094664137E-01  0.107258467684537E+00 -0.710613086709484E-01
  0.391000000000000E+01 -0.507365778550113E-01  0.106547854595031E+00 -0.710613092302017E-01
  0.392000000000000E+01 -0.496746523745317E-01  0.105837241499942E+00 -0.710613097873351E-01
  0.393000000000000E+01 -0.486198330250310E-01  0.105126628399285E+00 -0.710613103440814E-01
  0.394000000000000E+01 -0.475721198065646E-01  0.104416015293060E+00 -0.710613109008277E-01
  0.395000000000000E+01 -0.465315127191884E-01  0.103705402181268E+00 -0.710613114587037E-01
  0.396000000000000E+01 -0.454980117629582E-01  0.102994789063811E+00 -0.710613120325310E-01
  0.397000000000000E+01 -0.444716169379313E-01  0.102284175940617E+00 -0.710613126063582E-01
  0.398000000000000E+01 -0.434523282441650E-01  0.101573562811684E+00 -0.710613131801855E-01
  0.399000000000000E+01 -0.424401456817166E-01  0.100862949677004E+00 -0.710613137605810E-01
  0.400000000000000E+01 -0.414350692506445E-01  0.100152336536414E+00 -0.710613143573191E-01
  0.401000000000000E+01 -0.404370989510082E-01  0.994417233898574E-01 -0.710613149540572E-01
  0.402000000000000E+01 -0.394462347828673E-01  0.987311102373332E-01 -0.710613155507954E-01
  0.403000000000000E+01 -0.384624767462815E-01  0.980204970787974E-01 -0.710613161649218E-01
  0.404000000000000E+01 -0.374858248413123E-01  0.973098839139931E-01 -0.710613167959406E-01
  0.405000000000000E+01 -0.365162790680228E-01  0.965992707428787E-01 -0.710613174269594E-01
  0.406000000000000E+01 -0.355538394264758E-01  0.958886575654540E-01 -0.710613180579783E-01
  0.407000000000000E+01 -0.345985059167350E-01  0.951780443815531E-01 -0.710613187345928E-01
  0.408000000000000E+01 -0.336502785388678E-01  0.944674311907389E-01 -0.710613194282620E-01
  0.409000000000000E+01 -0.327091572929434E-01  0.937568179929879E-01 -0.710613201219312E-01
  0.410000000000000E+01 -0.317751421790312E-01  0.930462047883003E-01 -0.710613208156004E-01
  0.411000000000000E+01 -0.308482331972022E-01  0.923355915761861E-01 -0.710613216125683E-01
  0.412000000000000E+01 -0.299284303475342E-01  0.916249783560474E-01 -0.710613224151647E-01
  0.413000000000000E+01 -0.290157336301079E-01  0.909143651278828E-01 -0.710613232177612E-01
  0.414000000000000E+01 -0.281101430450034E-01  0.902037518916675E-01 -0.710613240496355E-01
  0.415000000000000E+01 -0.272116585923055E-01  0.894931386462913E-01 -0.710613250256018E-01
  0.416000000000000E+01 -0.263202802721100E-01  0.887825253911554E-01 -0.710613260015680E-01
  0.417000000000000E+01 -0.254360080845148E-01  0.880719121262599E-01 -0.710613269775343E-01
  0.418000000000000E+01 -0.245588420296177E-01  0.873612988514005E-01 -0.710613280584171E-01
  0.419000000000000E+01 -0.236887821075274E-01  0.866506855645895E-01 -0.710613293037986E-01
  0.420000000000000E+01 -0.228258283183674E-01  0.859400722653245E-01 -0.710613305491800E-01
  0.421000000000000E+01 -0.219699806622624E-01  0.852294589536058E-01 -0.710613317945615E-01
  0.422000000000000E+01 -0.211212391393384E-01  0.845188456286480E-01 -0.710613332974359E-01
  0.423000000000000E+01 -0.202796037497446E-01  0.838082322873360E-01 -0.710613349649568E-01
  0.424000000000000E+01 -0.194450744936472E-01  0.830976189293488E-01 -0.710613366324777E-01
  0.425000000000000E+01 -0.186176513712132E-01  0.823870055546864E-01 -0.710613382999986E-01
  0.426000000000000E+01 -0.177973343826158E-01  0.816763921609503E-01 -0.710613405451312E-01
  0.427000000000000E+01 -0.169841235280730E-01  0.809657787436840E-01 -0.710613429081351E-01
  0.428000000000000E+01 -0.161780188078208E-01  0.802551653027876E-01 -0.710613452711389E-01
  0.429000000000000E+01 -0.153790202220959E-01  0.795445518382447E-01 -0.710613476985095E-01
  0.430000000000000E+01 -0.145871277711588E-01  0.788339383431424E-01 -0.710613513219592E-01
  0.431000000000000E+01 -0.138023414553539E-01  0.781233248118056E-01 -0.710613549454088E-01
  0.432000000000000E+01 -0.130246612750434E-01  0.774127112442342E-01 -0.710613585688585E-01
  0.433000000000000E+01 -0.122540872305908E-01  0.767020976395639E-01 -0.710613628288538E-01
  0.434000000000000E+01 -0.114906193224360E-01  0.759914839814403E-01 -0.710613687958669E-01
  0.435000000000000E+01 -0.107342575511609E-01  0.752808702636466E-01 -0.710613747628799E-01
  0.436000000000000E+01 -0.998500191736195E-02  0.745702564861827E-01 -0.710613807298929E-01
  0.437000000000000E+01 -0.924285242164808E-02  0.738596426416852E-01 -0.710613896892153E-01
  0.438000000000000E+01 -0.850780906491649E-02  0.731490286845583E-01 -0.710614017361535E-01
  0.439000000000000E+01 -0.777987184835851E-02  0.724384146069621E-01 -0.710614137830917E-01
  0.440000000000000E+01 -0.705904077317884E-02  0.717278004088965E-01 -0.710614258300299E-01
  0.441000000000000E+01 -0.634531584068359E-02  0.710171860476868E-01 -0.710614498523177E-01
  0.442000000000000E+01 -0.563869705318018E-02  0.703065714049162E-01 -0.710614787018132E-01
  0.443000000000000E+01 -0.493918441354695E-02  0.695959564736506E-01 -0.710615075513087E-01
  0.444000000000000E+01 -0.424677792466885E-02  0.688853412538900E-01 -0.710615364008042E-01
  0.445000000000000E+01 -0.356147759087631E-02  0.681747252809295E-01 -0.710616648379873E-01
  0.446000000000000E+01 -0.288328342356825E-02  0.674641079547535E-01 -0.710618003972251E-01
  0.447000000000000E+01 -0.221219543629991E-02  0.667534892729850E-01 -0.710619359564630E-01
  0.448000000000000E+01 -0.154826752912516E-02  0.659377627479110E-01 -0.207736676970503E+00
  0.449000000000000E+01 -0.914087072953448E-03  0.594172947405297E-01 -0.109635692450568E+01
  0.450000000000000E+01 -0.389542309232364E-03  0.440106242577976E-01 -0.198497717204079E+01
  0.451000000000000E+01 -0.634952627153503E-04  0.197177512997148E-01 -0.287359741957589E+01
  0.452000000000000E+01  0.000000000000000E+00  0.000000000000000E+00  0.000000000000000E+00
  0.453000000000000E+01  0.000000000000000E+00  0.000000000000000E+00  0.000000000000000E+00
  0.454000000000000E+01  0.000000000000000E+00  0.000000000000000E+00  0.000000000000000E+00
  0.455000000000000E+01  0.000000000000000E+00  0.000000000000000E+00  0.000000000000000E+00
  0.456000000000000E+01  0.000000000000000E+00  0.000000000000000E+00  0.000000000000000E+00
