477.5428475645593
357.99023997826833
334.4953209544192
291.9617174315206
257.32333333264285
226.32163441351904
198.29196266967932
173.17664862017523
151.21379371246775
131.91668396554599
114.82345125698012
99.31770837983296
85.76592987235917
74.04929283839883
63.92484613845605
54.93528963411573
46.91956696108103
40.12797492076951
34.288972396356776
29.303584848052772
24.782966432155302
20.89474230513451
17.660507549874048
15.0011601109842
13.923506012577462
1.2063725140789405
-0.2250009722690804
-1.1524293474059595
-2.1042905313838935
-2.9717138891051444
-3.7027318210256537
-4.341048066266909
-4.847066568362412
-5.076273174126745
-5.276498470424655
-6.100429249404979
-7.014911366011929
-7.016265064014641
-7.016638998159206
-7.016777471732896
-7.016842993725345
-7.016879788388552
-7.016903114648508
-7.0169192940485905
-7.0169313302488545
-7.016940811062478
-7.016948649866967
-7.016955412127446
-7.0169614737085215
-7.016967105188815
-7.016972521040687
-7.016977911797549
-7.016983470319173
-7.016989419795215
-7.016996053552891
-7.017003802289768
-7.017013363996939
-7.017025986836889
-7.0170441692437935
-7.0170737040917714
-7.01713115572711
-7.0172830256848
-7.018055107850943
-17.135030629895375
-43.863882577566685
-82.97094035138169
-291.23871681739985

