1 1 0.671468519733915 0.0 0.0 0.0
2 2 -0.671468519733915 3.184988281466807 0.0 0.0
3 1 0.671468519733915 0.0 3.184988281466807 3.184988281466807
4 2 -0.671468519733915 3.184988281466807 3.184988281466807 3.184988281466807
5 1 0.671468519733915 3.184988281466807 0.0 3.184988281466807
6 2 -0.671468519733915 0.0 0.0 3.184988281466807
7 1 0.671468519733915 3.184988281466807 3.184988281466807 0.0
8 2 -0.671468519733915 0.0 3.184988281466807 0.0
9 1 0.671468519733915 0.0 0.0 6.369976562933614
10 2 -0.671468519733915 3.184988281466807 0.0 6.369976562933614
11 1 0.671468519733915 0.0 3.184988281466807 9.55496484440042
12 2 -0.671468519733915 3.184988281466807 3.184988281466807 9.55496484440042
13 1 0.671468519733915 3.184988281466807 0.0 9.55496484440042
14 2 -0.671468519733915 0.0 0.0 9.55496484440042
15 1 0.671468519733915 3.184988281466807 3.184988281466807 6.369976562933614
16 2 -0.671468519733915 0.0 3.184988281466807 6.369976562933614
17 1 0.671468519733915 0.0 0.0 12.739953125867228
18 2 -0.671468519733915 3.184988281466807 0.0 12.739953125867228
19 1 0.671468519733915 0.0 3.184988281466807 15.924941407334035
20 2 -0.671468519733915 3.184988281466807 3.184988281466807 15.924941407334035
21 1 0.671468519733915 3.184988281466807 0.0 15.924941407334035
22 2 -0.671468519733915 0.0 0.0 15.924941407334035
23 1 0.671468519733915 3.184988281466807 3.184988281466807 12.739953125867228
24 2 -0.671468519733915 0.0 3.184988281466807 12.739953125867228
25 1 0.671468519733915 0.0 0.0 19.10992968880084
26 2 -0.671468519733915 3.184988281466807 0.0 19.10992968880084
27 1 0.671468519733915 0.0 3.184988281466807 22.294917970267647
28 2 -0.671468519733915 3.184988281466807 3.184988281466807 22.294917970267647
29 1 0.671468519733915 3.184988281466807 0.0 22.294917970267647
30 2 -0.671468519733915 0.0 0.0 22.294917970267647
31 1 0.671468519733915 3.184988281466807 3.184988281466807 19.10992968880084
32 2 -0.671468519733915 0.0 3.184988281466807 19.10992968880084
33 1 0.671468519733915 0.0 0.0 25.479906251734455
34 2 -0.671468519733915 3.184988281466807 0.0 25.479906251734455
35 1 0.671468519733915 0.0 3.184988281466807 28.664894533201263
36 2 -0.671468519733915 3.184988281466807 3.184988281466807 28.664894533201263
37 1 0.671468519733915 3.184988281466807 0.0 28.664894533201263
38 2 -0.671468519733915 0.0 0.0 28.664894533201263
39 1 0.671468519733915 3.184988281466807 3.184988281466807 25.479906251734455
40 2 -0.671468519733915 0.0 3.184988281466807 25.479906251734455
41 1 0.671468519733915 0.0 6.369976562933614 0.0
42 2 -0.671468519733915 3.184988281466807 6.369976562933614 0.0
43 1 0.671468519733915 0.0 9.55496484440042 3.184988281466807
44 2 -0.671468519733915 3.184988281466807 9.55496484440042 3.184988281466807
45 1 0.671468519733915 3.184988281466807 6.369976562933614 3.184988281466807
46 2 -0.671468519733915 0.0 6.369976562933614 3.184988281466807
47 1 0.671468519733915 3.184988281466807 9.55496484440042 0.0
48 2 -0.671468519733915 0.0 9.55496484440042 0.0
49 1 0.671468519733915 0.0 6.369976562933614 6.369976562933614
50 2 -0.671468519733915 3.184988281466807 6.369976562933614 6.369976562933614
51 1 0.671468519733915 0.0 9.55496484440042 9.55496484440042
52 2 -0.671468519733915 3.184988281466807 9.55496484440042 9.55496484440042
53 1 0.671468519733915 3.184988281466807 6.369976562933614 9.55496484440042
54 2 -0.671468519733915 0.0 6.369976562933614 9.55496484440042
55 1 0.671468519733915 3.184988281466807 9.55496484440042 6.369976562933614
56 2 -0.671468519733915 0.0 9.55496484440042 6.369976562933614
57 1 0.671468519733915 0.0 6.369976562933614 12.739953125867228
58 2 -0.671468519733915 3.184988281466807 6.369976562933614 12.739953125867228
59 1 0.671468519733915 0.0 9.55496484440042 15.924941407334035
60 2 -0.671468519733915 3.184988281466807 9.55496484440042 15.924941407334035
61 1 0.671468519733915 3.184988281466807 6.369976562933614 15.924941407334035
62 2 -0.671468519733915 0.0 6.369976562933614 15.924941407334035
63 1 0.671468519733915 3.184988281466807 9.55496484440042 12.739953125867228
64 2 -0.671468519733915 0.0 9.55496484440042 12.739953125867228
65 1 0.671468519733915 0.0 6.369976562933614 19.10992968880084
66 2 -0.671468519733915 3.184988281466807 6.369976562933614 19.10992968880084
67 1 0.671468519733915 0.0 9.55496484440042 22.294917970267647
68 2 -0.671468519733915 3.184988281466807 9.55496484440042 22.294917970267647
69 1 0.671468519733915 3.184988281466807 6.369976562933614 22.294917970267647
70 2 -0.671468519733915 0.0 6.369976562933614 22.294917970267647
71 1 0.671468519733915 3.184988281466807 9.55496484440042 19.10992968880084
72 2 -0.671468519733915 0.0 9.55496484440042 19.10992968880084
73 1 0.671468519733915 0.0 6.369976562933614 25.479906251734455
74 2 -0.671468519733915 3.184988281466807 6.369976562933614 25.479906251734455
75 1 0.671468519733915 0.0 9.55496484440042 28.664894533201263
76 2 -0.671468519733915 3.184988281466807 9.55496484440042 28.664894533201263
77 1 0.671468519733915 3.184988281466807 6.369976562933614 28.664894533201263
78 2 -0.671468519733915 0.0 6.369976562933614 28.664894533201263
79 1 0.671468519733915 3.184988281466807 9.55496484440042 25.479906251734455
80 2 -0.671468519733915 0.0 9.55496484440042 25.479906251734455
81 1 0.671468519733915 0.0 12.739953125867228 0.0
82 2 -0.671468519733915 3.184988281466807 12.739953125867228 0.0
83 1 0.671468519733915 0.0 15.924941407334035 3.184988281466807
84 2 -0.671468519733915 3.184988281466807 15.924941407334035 3.184988281466807
85 1 0.671468519733915 3.184988281466807 12.739953125867228 3.184988281466807
86 2 -0.671468519733915 0.0 12.739953125867228 3.184988281466807
87 1 0.671468519733915 3.184988281466807 15.924941407334035 0.0
88 2 -0.671468519733915 0.0 15.924941407334035 0.0
89 1 0.671468519733915 0.0 12.739953125867228 6.369976562933614
90 2 -0.671468519733915 3.184988281466807 12.739953125867228 6.369976562933614
91 1 0.671468519733915 0.0 15.924941407334035 9.55496484440042
92 2 -0.671468519733915 3.184988281466807 15.924941407334035 9.55496484440042
93 1 0.671468519733915 3.184988281466807 12.739953125867228 9.55496484440042
94 2 -0.671468519733915 0.0 12.739953125867228 9.55496484440042
95 1 0.671468519733915 3.184988281466807 15.924941407334035 6.369976562933614
96 2 -0.671468519733915 0.0 15.924941407334035 6.369976562933614
97 1 0.671468519733915 0.0 12.739953125867228 12.739953125867228
98 2 -0.671468519733915 3.184988281466807 12.739953125867228 12.739953125867228
99 1 0.671468519733915 0.0 15.924941407334035 15.924941407334035
100 2 -0.671468519733915 3.184988281466807 15.924941407334035 15.924941407334035
101 1 0.671468519733915 3.184988281466807 12.739953125867228 15.924941407334035
102 2 -0.671468519733915 0.0 12.739953125867228 15.924941407334035
103 1 0.671468519733915 3.184988281466807 15.924941407334035 12.739953125867228
104 2 -0.671468519733915 0.0 15.924941407334035 12.739953125867228
105 1 0.671468519733915 0.0 12.739953125867228 19.10992968880084
106 2 -0.671468519733915 3.184988281466807 12.739953125867228 19.10992968880084
107 1 0.671468519733915 0.0 15.924941407334035 22.294917970267647
108 2 -0.671468519733915 3.184988281466807 15.924941407334035 22.294917970267647
109 1 0.671468519733915 3.184988281466807 12.739953125867228 22.294917970267647
110 2 -0.671468519733915 0.0 12.739953125867228 22.294917970267647
111 1 0.671468519733915 3.184988281466807 15.924941407334035 19.10992968880084
112 2 -0.671468519733915 0.0 15.924941407334035 19.10992968880084
113 1 0.671468519733915 0.0 12.739953125867228 25.479906251734455
114 2 -0.671468519733915 3.184988281466807 12.739953125867228 25.479906251734455
115 1 0.671468519733915 0.0 15.924941407334035 28.664894533201263
116 2 -0.671468519733915 3.184988281466807 15.924941407334035 28.664894533201263
117 1 0.671468519733915 3.184988281466807 12.739953125867228 28.664894533201263
118 2 -0.671468519733915 0.0 12.739953125867228 28.664894533201263
119 1 0.671468519733915 3.184988281466807 15.924941407334035 25.479906251734455
120 2 -0.671468519733915 0.0 15.924941407334035 25.479906251734455
121 1 0.671468519733915 0.0 19.10992968880084 0.0
122 2 -0.671468519733915 3.184988281466807 19.10992968880084 0.0
123 1 0.671468519733915 0.0 22.294917970267647 3.184988281466807
124 2 -0.671468519733915 3.184988281466807 22.294917970267647 3.184988281466807
125 1 0.671468519733915 3.184988281466807 19.10992968880084 3.184988281466807
126 2 -0.671468519733915 0.0 19.10992968880084 3.184988281466807
127 1 0.671468519733915 3.184988281466807 22.294917970267647 0.0
128 2 -0.671468519733915 0.0 22.294917970267647 0.0
129 1 0.671468519733915 0.0 19.10992968880084 6.369976562933614
130 2 -0.671468519733915 3.184988281466807 19.10992968880084 6.369976562933614
131 1 0.671468519733915 0.0 22.294917970267647 9.55496484440042
132 2 -0.671468519733915 3.184988281466807 22.294917970267647 9.55496484440042
133 1 0.671468519733915 3.184988281466807 19.10992968880084 9.55496484440042
134 2 -0.671468519733915 0.0 19.10992968880084 9.55496484440042
135 1 0.671468519733915 3.184988281466807 22.294917970267647 6.369976562933614
136 2 -0.671468519733915 0.0 22.294917970267647 6.369976562933614
137 1 0.671468519733915 0.0 19.10992968880084 12.739953125867228
138 2 -0.671468519733915 3.184988281466807 19.10992968880084 12.739953125867228
139 1 0.671468519733915 0.0 22.294917970267647 15.924941407334035
140 2 -0.671468519733915 3.184988281466807 22.294917970267647 15.924941407334035
141 1 0.671468519733915 3.184988281466807 19.10992968880084 15.924941407334035
142 2 -0.671468519733915 0.0 19.10992968880084 15.924941407334035
143 1 0.671468519733915 3.184988281466807 22.294917970267647 12.739953125867228
144 2 -0.671468519733915 0.0 22.294917970267647 12.739953125867228
145 1 0.671468519733915 0.0 19.10992968880084 19.10992968880084
146 2 -0.671468519733915 3.184988281466807 19.10992968880084 19.10992968880084
147 1 0.671468519733915 0.0 22.294917970267647 22.294917970267647
148 2 -0.671468519733915 3.184988281466807 22.294917970267647 22.294917970267647
149 1 0.671468519733915 3.184988281466807 19.10992968880084 22.294917970267647
150 2 -0.671468519733915 0.0 19.10992968880084 22.294917970267647
151 1 0.671468519733915 3.184988281466807 22.294917970267647 19.10992968880084
152 2 -0.671468519733915 0.0 22.294917970267647 19.10992968880084
153 1 0.671468519733915 0.0 19.10992968880084 25.479906251734455
154 2 -0.671468519733915 3.184988281466807 19.10992968880084 25.479906251734455
155 1 0.671468519733915 0.0 22.294917970267647 28.664894533201263
156 2 -0.671468519733915 3.184988281466807 22.294917970267647 28.664894533201263
157 1 0.671468519733915 3.184988281466807 19.10992968880084 28.664894533201263
158 2 -0.671468519733915 0.0 19.10992968880084 28.664894533201263
159 1 0.671468519733915 3.184988281466807 22.294917970267647 25.479906251734455
160 2 -0.671468519733915 0.0 22.294917970267647 25.479906251734455
161 1 0.671468519733915 0.0 25.479906251734455 0.0
162 2 -0.671468519733915 3.184988281466807 25.479906251734455 0.0
163 1 0.671468519733915 0.0 28.664894533201263 3.184988281466807
164 2 -0.671468519733915 3.184988281466807 28.664894533201263 3.184988281466807
165 1 0.671468519733915 3.184988281466807 25.479906251734455 3.184988281466807
166 2 -0.671468519733915 0.0 25.479906251734455 3.184988281466807
167 1 0.671468519733915 3.184988281466807 28.664894533201263 0.0
168 2 -0.671468519733915 0.0 28.664894533201263 0.0
169 1 0.671468519733915 0.0 25.479906251734455 6.369976562933614
170 2 -0.671468519733915 3.184988281466807 25.479906251734455 6.369976562933614
171 1 0.671468519733915 0.0 28.664894533201263 9.55496484440042
172 2 -0.671468519733915 3.184988281466807 28.664894533201263 9.55496484440042
173 1 0.671468519733915 3.184988281466807 25.479906251734455 9.55496484440042
174 2 -0.671468519733915 0.0 25.479906251734455 9.55496484440042
175 1 0.671468519733915 3.184988281466807 28.664894533201263 6.369976562933614
176 2 -0.671468519733915 0.0 28.664894533201263 6.369976562933614
177 1 0.671468519733915 0.0 25.479906251734455 12.739953125867228
178 2 -0.671468519733915 3.184988281466807 25.479906251734455 12.739953125867228
179 1 0.671468519733915 0.0 28.664894533201263 15.924941407334035
180 2 -0.671468519733915 3.184988281466807 28.664894533201263 15.924941407334035
181 1 0.671468519733915 3.184988281466807 25.479906251734455 15.924941407334035
182 2 -0.671468519733915 0.0 25.479906251734455 15.924941407334035
183 1 0.671468519733915 3.184988281466807 28.664894533201263 12.739953125867228
184 2 -0.671468519733915 0.0 28.664894533201263 12.739953125867228
185 1 0.671468519733915 0.0 25.479906251734455 19.10992968880084
186 2 -0.671468519733915 3.184988281466807 25.479906251734455 19.10992968880084
187 1 0.671468519733915 0.0 28.664894533201263 22.294917970267647
188 2 -0.671468519733915 3.184988281466807 28.664894533201263 22.294917970267647
189 1 0.671468519733915 3.184988281466807 25.479906251734455 22.294917970267647
190 2 -0.671468519733915 0.0 25.479906251734455 22.294917970267647
191 1 0.671468519733915 3.184988281466807 28.664894533201263 19.10992968880084
192 2 -0.671468519733915 0.0 28.664894533201263 19.10992968880084
193 1 0.671468519733915 0.0 25.479906251734455 25.479906251734455
194 2 -0.671468519733915 3.184988281466807 25.479906251734455 25.479906251734455
195 1 0.671468519733915 0.0 28.664894533201263 28.664894533201263
196 2 -0.671468519733915 3.184988281466807 28.664894533201263 28.664894533201263
197 1 0.671468519733915 3.184988281466807 25.479906251734455 28.664894533201263
198 2 -0.671468519733915 0.0 25.479906251734455 28.664894533201263
199 1 0.671468519733915 3.184988281466807 28.664894533201263 25.479906251734455
200 2 -0.671468519733915 0.0 28.664894533201263 25.479906251734455
201 1 0.671468519733915 6.369976562933614 0.0 0.0
202 2 -0.671468519733915 9.55496484440042 0.0 0.0
203 1 0.671468519733915 6.369976562933614 3.184988281466807 3.184988281466807
204 2 -0.671468519733915 9.55496484440042 3.184988281466807 3.184988281466807
205 1 0.671468519733915 9.55496484440042 0.0 3.184988281466807
206 2 -0.671468519733915 6.369976562933614 0.0 3.184988281466807
207 1 0.671468519733915 9.55496484440042 3.184988281466807 0.0
208 2 -0.671468519733915 6.369976562933614 3.184988281466807 0.0
209 1 0.671468519733915 6.369976562933614 0.0 6.369976562933614
210 2 -0.671468519733915 9.55496484440042 0.0 6.369976562933614
211 1 0.671468519733915 6.369976562933614 3.184988281466807 9.55496484440042
212 2 -0.671468519733915 9.55496484440042 3.184988281466807 9.55496484440042
213 1 0.671468519733915 9.55496484440042 0.0 9.55496484440042
214 2 -0.671468519733915 6.369976562933614 0.0 9.55496484440042
215 1 0.671468519733915 9.55496484440042 3.184988281466807 6.369976562933614
216 2 -0.671468519733915 6.369976562933614 3.184988281466807 6.369976562933614
217 1 0.671468519733915 6.369976562933614 0.0 12.739953125867228
218 2 -0.671468519733915 9.55496484440042 0.0 12.739953125867228
219 1 0.671468519733915 6.369976562933614 3.184988281466807 15.924941407334035
220 2 -0.671468519733915 9.55496484440042 3.184988281466807 15.924941407334035
221 1 0.671468519733915 9.55496484440042 0.0 15.924941407334035
222 2 -0.671468519733915 6.369976562933614 0.0 15.924941407334035
223 1 0.671468519733915 9.55496484440042 3.184988281466807 12.739953125867228
224 2 -0.671468519733915 6.369976562933614 3.184988281466807 12.739953125867228
225 1 0.671468519733915 6.369976562933614 0.0 19.10992968880084
226 2 -0.671468519733915 9.55496484440042 0.0 19.10992968880084
227 1 0.671468519733915 6.369976562933614 3.184988281466807 22.294917970267647
228 2 -0.671468519733915 9.55496484440042 3.184988281466807 22.294917970267647
229 1 0.671468519733915 9.55496484440042 0.0 22.294917970267647
230 2 -0.671468519733915 6.369976562933614 0.0 22.294917970267647
231 1 0.671468519733915 9.55496484440042 3.184988281466807 19.10992968880084
232 2 -0.671468519733915 6.369976562933614 3.184988281466807 19.10992968880084
233 1 0.671468519733915 6.369976562933614 0.0 25.479906251734455
234 2 -0.671468519733915 9.55496484440042 0.0 25.479906251734455
235 1 0.671468519733915 6.369976562933614 3.184988281466807 28.664894533201263
236 2 -0.671468519733915 9.55496484440042 3.184988281466807 28.664894533201263
237 1 0.671468519733915 9.55496484440042 0.0 28.664894533201263
238 2 -0.671468519733915 6.369976562933614 0.0 28.664894533201263
239 1 0.671468519733915 9.55496484440042 3.184988281466807 25.479906251734455
240 2 -0.671468519733915 6.369976562933614 3.184988281466807 25.479906251734455
241 1 0.671468519733915 6.369976562933614 6.369976562933614 0.0
242 2 -0.671468519733915 9.55496484440042 6.369976562933614 0.0
243 1 0.671468519733915 6.369976562933614 9.55496484440042 3.184988281466807
244 2 -0.671468519733915 9.55496484440042 9.55496484440042 3.184988281466807
245 1 0.671468519733915 9.55496484440042 6.369976562933614 3.184988281466807
246 2 -0.671468519733915 6.369976562933614 6.369976562933614 3.184988281466807
247 1 0.671468519733915 9.55496484440042 9.55496484440042 0.0
248 2 -0.671468519733915 6.369976562933614 9.55496484440042 0.0
249 1 0.671468519733915 6.369976562933614 6.369976562933614 6.369976562933614
250 2 -0.671468519733915 9.55496484440042 6.369976562933614 6.369976562933614
251 1 0.671468519733915 6.369976562933614 9.55496484440042 9.55496484440042
252 2 -0.671468519733915 9.55496484440042 9.55496484440042 9.55496484440042
253 1 0.671468519733915 9.55496484440042 6.369976562933614 9.55496484440042
254 2 -0.671468519733915 6.369976562933614 6.369976562933614 9.55496484440042
255 1 0.671468519733915 9.55496484440042 9.55496484440042 6.369976562933614
256 2 -0.671468519733915 6.369976562933614 9.55496484440042 6.369976562933614
257 1 0.671468519733915 6.369976562933614 6.369976562933614 12.739953125867228
258 2 -0.671468519733915 9.55496484440042 6.369976562933614 12.739953125867228
259 1 0.671468519733915 6.369976562933614 9.55496484440042 15.924941407334035
260 2 -0.671468519733915 9.55496484440042 9.55496484440042 15.924941407334035
261 1 0.671468519733915 9.55496484440042 6.369976562933614 15.924941407334035
262 2 -0.671468519733915 6.369976562933614 6.369976562933614 15.924941407334035
263 1 0.671468519733915 9.55496484440042 9.55496484440042 12.739953125867228
264 2 -0.671468519733915 6.369976562933614 9.55496484440042 12.739953125867228
265 1 0.671468519733915 6.369976562933614 6.369976562933614 19.10992968880084
266 2 -0.671468519733915 9.55496484440042 6.369976562933614 19.10992968880084
267 1 0.671468519733915 6.369976562933614 9.55496484440042 22.294917970267647
268 2 -0.671468519733915 9.55496484440042 9.55496484440042 22.294917970267647
269 1 0.671468519733915 9.55496484440042 6.369976562933614 22.294917970267647
270 2 -0.671468519733915 6.369976562933614 6.369976562933614 22.294917970267647
271 1 0.671468519733915 9.55496484440042 9.55496484440042 19.10992968880084
272 2 -0.671468519733915 6.369976562933614 9.55496484440042 19.10992968880084
273 1 0.671468519733915 6.369976562933614 6.369976562933614 25.479906251734455
274 2 -0.671468519733915 9.55496484440042 6.369976562933614 25.479906251734455
275 1 0.671468519733915 6.369976562933614 9.55496484440042 28.664894533201263
276 2 -0.671468519733915 9.55496484440042 9.55496484440042 28.664894533201263
277 1 0.671468519733915 9.55496484440042 6.369976562933614 28.664894533201263
278 2 -0.671468519733915 6.369976562933614 6.369976562933614 28.664894533201263
279 1 0.671468519733915 9.55496484440042 9.55496484440042 25.479906251734455
280 2 -0.671468519733915 6.369976562933614 9.55496484440042 25.479906251734455
281 1 0.671468519733915 6.369976562933614 12.739953125867228 0.0
282 2 -0.671468519733915 9.55496484440042 12.739953125867228 0.0
283 1 0.671468519733915 6.369976562933614 15.924941407334035 3.184988281466807
284 2 -0.671468519733915 9.55496484440042 15.924941407334035 3.184988281466807
285 1 0.671468519733915 9.55496484440042 12.739953125867228 3.184988281466807
286 2 -0.671468519733915 6.369976562933614 12.739953125867228 3.184988281466807
287 1 0.671468519733915 9.55496484440042 15.924941407334035 0.0
288 2 -0.671468519733915 6.369976562933614 15.924941407334035 0.0
289 1 0.671468519733915 6.369976562933614 12.739953125867228 6.369976562933614
290 2 -0.671468519733915 9.55496484440042 12.739953125867228 6.369976562933614
291 1 0.671468519733915 6.369976562933614 15.924941407334035 9.55496484440042
292 2 -0.671468519733915 9.55496484440042 15.924941407334035 9.55496484440042
293 1 0.671468519733915 9.55496484440042 12.739953125867228 9.55496484440042
294 2 -0.671468519733915 6.369976562933614 12.739953125867228 9.55496484440042
295 1 0.671468519733915 9.55496484440042 15.924941407334035 6.369976562933614
296 2 -0.671468519733915 6.369976562933614 15.924941407334035 6.369976562933614
297 1 0.671468519733915 6.369976562933614 12.739953125867228 12.739953125867228
298 2 -0.671468519733915 9.55496484440042 12.739953125867228 12.739953125867228
299 1 0.671468519733915 6.369976562933614 15.924941407334035 15.924941407334035
300 2 -0.671468519733915 9.55496484440042 15.924941407334035 15.924941407334035
301 1 0.671468519733915 9.55496484440042 12.739953125867228 15.924941407334035
302 2 -0.671468519733915 6.369976562933614 12.739953125867228 15.924941407334035
303 1 0.671468519733915 9.55496484440042 15.924941407334035 12.739953125867228
304 2 -0.671468519733915 6.369976562933614 15.924941407334035 12.739953125867228
305 1 0.671468519733915 6.369976562933614 12.739953125867228 19.10992968880084
306 2 -0.671468519733915 9.55496484440042 12.739953125867228 19.10992968880084
307 1 0.671468519733915 6.369976562933614 15.924941407334035 22.294917970267647
308 2 -0.671468519733915 9.55496484440042 15.924941407334035 22.294917970267647
309 1 0.671468519733915 9.55496484440042 12.739953125867228 22.294917970267647
310 2 -0.671468519733915 6.369976562933614 12.739953125867228 22.294917970267647
311 1 0.671468519733915 9.55496484440042 15.924941407334035 19.10992968880084
312 2 -0.671468519733915 6.369976562933614 15.924941407334035 19.10992968880084
313 1 0.671468519733915 6.369976562933614 12.739953125867228 25.479906251734455
314 2 -0.671468519733915 9.55496484440042 12.739953125867228 25.479906251734455
315 1 0.671468519733915 6.369976562933614 15.924941407334035 28.664894533201263
316 2 -0.671468519733915 9.55496484440042 15.924941407334035 28.664894533201263
317 1 0.671468519733915 9.55496484440042 12.739953125867228 28.664894533201263
318 2 -0.671468519733915 6.369976562933614 12.739953125867228 28.664894533201263
319 1 0.671468519733915 9.55496484440042 15.924941407334035 25.479906251734455
320 2 -0.671468519733915 6.369976562933614 15.924941407334035 25.479906251734455
321 1 0.671468519733915 6.369976562933614 19.10992968880084 0.0
322 2 -0.671468519733915 9.55496484440042 19.10992968880084 0.0
323 1 0.671468519733915 6.369976562933614 22.294917970267647 3.184988281466807
324 2 -0.671468519733915 9.55496484440042 22.294917970267647 3.184988281466807
325 1 0.671468519733915 9.55496484440042 19.10992968880084 3.184988281466807
326 2 -0.671468519733915 6.369976562933614 19.10992968880084 3.184988281466807
327 1 0.671468519733915 9.55496484440042 22.294917970267647 0.0
328 2 -0.671468519733915 6.369976562933614 22.294917970267647 0.0
329 1 0.671468519733915 6.369976562933614 19.10992968880084 6.369976562933614
330 2 -0.671468519733915 9.55496484440042 19.10992968880084 6.369976562933614
331 1 0.671468519733915 6.369976562933614 22.294917970267647 9.55496484440042
332 2 -0.671468519733915 9.55496484440042 22.294917970267647 9.55496484440042
333 1 0.671468519733915 9.55496484440042 19.10992968880084 9.55496484440042
334 2 -0.671468519733915 6.369976562933614 19.10992968880084 9.55496484440042
335 1 0.671468519733915 9.55496484440042 22.294917970267647 6.369976562933614
336 2 -0.671468519733915 6.369976562933614 22.294917970267647 6.369976562933614
337 1 0.671468519733915 6.369976562933614 19.10992968880084 12.739953125867228
338 2 -0.671468519733915 9.55496484440042 19.10992968880084 12.739953125867228
339 1 0.671468519733915 6.369976562933614 22.294917970267647 15.924941407334035
340 2 -0.671468519733915 9.55496484440042 22.294917970267647 15.924941407334035
341 1 0.671468519733915 9.55496484440042 19.10992968880084 15.924941407334035
342 2 -0.671468519733915 6.369976562933614 19.10992968880084 15.924941407334035
343 1 0.671468519733915 9.55496484440042 22.294917970267647 12.739953125867228
344 2 -0.671468519733915 6.369976562933614 22.294917970267647 12.739953125867228
345 1 0.671468519733915 6.369976562933614 19.10992968880084 19.10992968880084
346 2 -0.671468519733915 9.55496484440042 19.10992968880084 19.10992968880084
347 1 0.671468519733915 6.369976562933614 22.294917970267647 22.294917970267647
348 2 -0.671468519733915 9.55496484440042 22.294917970267647 22.294917970267647
349 1 0.671468519733915 9.55496484440042 19.10992968880084 22.294917970267647
350 2 -0.671468519733915 6.369976562933614 19.10992968880084 22.294917970267647
351 1 0.671468519733915 9.55496484440042 22.294917970267647 19.10992968880084
352 2 -0.671468519733915 6.369976562933614 22.294917970267647 19.10992968880084
353 1 0.671468519733915 6.369976562933614 19.10992968880084 25.479906251734455
354 2 -0.671468519733915 9.55496484440042 19.10992968880084 25.479906251734455
355 1 0.671468519733915 6.369976562933614 22.294917970267647 28.664894533201263
356 2 -0.671468519733915 9.55496484440042 22.294917970267647 28.664894533201263
357 1 0.671468519733915 9.55496484440042 19.10992968880084 28.664894533201263
358 2 -0.671468519733915 6.369976562933614 19.10992968880084 28.664894533201263
359 1 0.671468519733915 9.55496484440042 22.294917970267647 25.479906251734455
360 2 -0.671468519733915 6.369976562933614 22.294917970267647 25.479906251734455
361 1 0.671468519733915 6.369976562933614 25.479906251734455 0.0
362 2 -0.671468519733915 9.55496484440042 25.479906251734455 0.0
363 1 0.671468519733915 6.369976562933614 28.664894533201263 3.184988281466807
364 2 -0.671468519733915 9.55496484440042 28.664894533201263 3.184988281466807
365 1 0.671468519733915 9.55496484440042 25.479906251734455 3.184988281466807
366 2 -0.671468519733915 6.369976562933614 25.479906251734455 3.184988281466807
367 1 0.671468519733915 9.55496484440042 28.664894533201263 0.0
368 2 -0.671468519733915 6.369976562933614 28.664894533201263 0.0
369 1 0.671468519733915 6.369976562933614 25.479906251734455 6.369976562933614
370 2 -0.671468519733915 9.55496484440042 25.479906251734455 6.369976562933614
371 1 0.671468519733915 6.369976562933614 28.664894533201263 9.55496484440042
372 2 -0.671468519733915 9.55496484440042 28.664894533201263 9.55496484440042
373 1 0.671468519733915 9.55496484440042 25.479906251734455 9.55496484440042
374 2 -0.671468519733915 6.369976562933614 25.479906251734455 9.55496484440042
375 1 0.671468519733915 9.55496484440042 28.664894533201263 6.369976562933614
376 2 -0.671468519733915 6.369976562933614 28.664894533201263 6.369976562933614
377 1 0.671468519733915 6.369976562933614 25.479906251734455 12.739953125867228
378 2 -0.671468519733915 9.55496484440042 25.479906251734455 12.739953125867228
379 1 0.671468519733915 6.369976562933614 28.664894533201263 15.924941407334035
380 2 -0.671468519733915 9.55496484440042 28.664894533201263 15.924941407334035
381 1 0.671468519733915 9.55496484440042 25.479906251734455 15.924941407334035
382 2 -0.671468519733915 6.369976562933614 25.479906251734455 15.924941407334035
383 1 0.671468519733915 9.55496484440042 28.664894533201263 12.739953125867228
384 2 -0.671468519733915 6.369976562933614 28.664894533201263 12.739953125867228
385 1 0.671468519733915 6.369976562933614 25.479906251734455 19.10992968880084
386 2 -0.671468519733915 9.55496484440042 25.479906251734455 19.10992968880084
387 1 0.671468519733915 6.369976562933614 28.664894533201263 22.294917970267647
388 2 -0.671468519733915 9.55496484440042 28.664894533201263 22.294917970267647
389 1 0.671468519733915 9.55496484440042 25.479906251734455 22.294917970267647
390 2 -0.671468519733915 6.369976562933614 25.479906251734455 22.294917970267647
391 1 0.671468519733915 9.55496484440042 28.664894533201263 19.10992968880084
392 2 -0.671468519733915 6.369976562933614 28.664894533201263 19.10992968880084
393 1 0.671468519733915 6.369976562933614 25.479906251734455 25.479906251734455
394 2 -0.671468519733915 9.55496484440042 25.479906251734455 25.479906251734455
395 1 0.671468519733915 6.369976562933614 28.664894533201263 28.664894533201263
396 2 -0.671468519733915 9.55496484440042 28.664894533201263 28.664894533201263
397 1 0.671468519733915 9.55496484440042 25.479906251734455 28.664894533201263
398 2 -0.671468519733915 6.369976562933614 25.479906251734455 28.664894533201263
399 1 0.671468519733915 9.55496484440042 28.664894533201263 25.479906251734455
400 2 -0.671468519733915 6.369976562933614 28.664894533201263 25.479906251734455
401 1 0.671468519733915 12.739953125867228 0.0 0.0
402 2 -0.671468519733915 15.924941407334035 0.0 0.0
403 1 0.671468519733915 12.739953125867228 3.184988281466807 3.184988281466807
404 2 -0.671468519733915 15.924941407334035 3.184988281466807 3.184988281466807
405 1 0.671468519733915 15.924941407334035 0.0 3.184988281466807
406 2 -0.671468519733915 12.739953125867228 0.0 3.184988281466807
407 1 0.671468519733915 15.924941407334035 3.184988281466807 0.0
408 2 -0.671468519733915 12.739953125867228 3.184988281466807 0.0
409 1 0.671468519733915 12.739953125867228 0.0 6.369976562933614
410 2 -0.671468519733915 15.924941407334035 0.0 6.369976562933614
411 1 0.671468519733915 12.739953125867228 3.184988281466807 9.55496484440042
412 2 -0.671468519733915 15.924941407334035 3.184988281466807 9.55496484440042
413 1 0.671468519733915 15.924941407334035 0.0 9.55496484440042
414 2 -0.671468519733915 12.739953125867228 0.0 9.55496484440042
415 1 0.671468519733915 15.924941407334035 3.184988281466807 6.369976562933614
416 2 -0.671468519733915 12.739953125867228 3.184988281466807 6.369976562933614
417 1 0.671468519733915 12.739953125867228 0.0 12.739953125867228
418 2 -0.671468519733915 15.924941407334035 0.0 12.739953125867228
419 1 0.671468519733915 12.739953125867228 3.184988281466807 15.924941407334035
420 2 -0.671468519733915 15.924941407334035 3.184988281466807 15.924941407334035
421 1 0.671468519733915 15.924941407334035 0.0 15.924941407334035
422 2 -0.671468519733915 12.739953125867228 0.0 15.924941407334035
423 1 0.671468519733915 15.924941407334035 3.184988281466807 12.739953125867228
424 2 -0.671468519733915 12.739953125867228 3.184988281466807 12.739953125867228
425 1 0.671468519733915 12.739953125867228 0.0 19.10992968880084
426 2 -0.671468519733915 15.924941407334035 0.0 19.10992968880084
427 1 0.671468519733915 12.739953125867228 3.184988281466807 22.294917970267647
428 2 -0.671468519733915 15.924941407334035 3.184988281466807 22.294917970267647
429 1 0.671468519733915 15.924941407334035 0.0 22.294917970267647
430 2 -0.671468519733915 12.739953125867228 0.0 22.294917970267647
431 1 0.671468519733915 15.924941407334035 3.184988281466807 19.10992968880084
432 2 -0.671468519733915 12.739953125867228 3.184988281466807 19.10992968880084
433 1 0.671468519733915 12.739953125867228 0.0 25.479906251734455
434 2 -0.671468519733915 15.924941407334035 0.0 25.479906251734455
435 1 0.671468519733915 12.739953125867228 3.184988281466807 28.664894533201263
436 2 -0.671468519733915 15.924941407334035 3.184988281466807 28.664894533201263
437 1 0.671468519733915 15.924941407334035 0.0 28.664894533201263
438 2 -0.671468519733915 12.739953125867228 0.0 28.664894533201263
439 1 0.671468519733915 15.924941407334035 3.184988281466807 25.479906251734455
440 2 -0.671468519733915 12.739953125867228 3.184988281466807 25.479906251734455
441 1 0.671468519733915 12.739953125867228 6.369976562933614 0.0
442 2 -0.671468519733915 15.924941407334035 6.369976562933614 0.0
443 1 0.671468519733915 12.739953125867228 9.55496484440042 3.184988281466807
444 2 -0.671468519733915 15.924941407334035 9.55496484440042 3.184988281466807
445 1 0.671468519733915 15.924941407334035 6.369976562933614 3.184988281466807
446 2 -0.671468519733915 12.739953125867228 6.369976562933614 3.184988281466807
447 1 0.671468519733915 15.924941407334035 9.55496484440042 0.0
448 2 -0.671468519733915 12.739953125867228 9.55496484440042 0.0
449 1 0.671468519733915 12.739953125867228 6.369976562933614 6.369976562933614
450 2 -0.671468519733915 15.924941407334035 6.369976562933614 6.369976562933614
451 1 0.671468519733915 12.739953125867228 9.55496484440042 9.55496484440042
452 2 -0.671468519733915 15.924941407334035 9.55496484440042 9.55496484440042
453 1 0.671468519733915 15.924941407334035 6.369976562933614 9.55496484440042
454 2 -0.671468519733915 12.739953125867228 6.369976562933614 9.55496484440042
455 1 0.671468519733915 15.924941407334035 9.55496484440042 6.369976562933614
456 2 -0.671468519733915 12.739953125867228 9.55496484440042 6.369976562933614
457 1 0.671468519733915 12.739953125867228 6.369976562933614 12.739953125867228
458 2 -0.671468519733915 15.924941407334035 6.369976562933614 12.739953125867228
459 1 0.671468519733915 12.739953125867228 9.55496484440042 15.924941407334035
460 2 -0.671468519733915 15.924941407334035 9.55496484440042 15.924941407334035
461 1 0.671468519733915 15.924941407334035 6.369976562933614 15.924941407334035
462 2 -0.671468519733915 12.739953125867228 6.369976562933614 15.924941407334035
463 1 0.671468519733915 15.924941407334035 9.55496484440042 12.739953125867228
464 2 -0.671468519733915 12.739953125867228 9.55496484440042 12.739953125867228
465 1 0.671468519733915 12.739953125867228 6.369976562933614 19.10992968880084
466 2 -0.671468519733915 15.924941407334035 6.369976562933614 19.10992968880084
467 1 0.671468519733915 12.739953125867228 9.55496484440042 22.294917970267647
468 2 -0.671468519733915 15.924941407334035 9.55496484440042 22.294917970267647
469 1 0.671468519733915 15.924941407334035 6.369976562933614 22.294917970267647
470 2 -0.671468519733915 12.739953125867228 6.369976562933614 22.294917970267647
471 1 0.671468519733915 15.924941407334035 9.55496484440042 19.10992968880084
472 2 -0.671468519733915 12.739953125867228 9.55496484440042 19.10992968880084
473 1 0.671468519733915 12.739953125867228 6.369976562933614 25.479906251734455
474 2 -0.671468519733915 15.924941407334035 6.369976562933614 25.479906251734455
475 1 0.671468519733915 12.739953125867228 9.55496484440042 28.664894533201263
476 2 -0.671468519733915 15.924941407334035 9.55496484440042 28.664894533201263
477 1 0.671468519733915 15.924941407334035 6.369976562933614 28.664894533201263
478 2 -0.671468519733915 12.739953125867228 6.369976562933614 28.664894533201263
479 1 0.671468519733915 15.924941407334035 9.55496484440042 25.479906251734455
480 2 -0.671468519733915 12.739953125867228 9.55496484440042 25.479906251734455
481 1 0.671468519733915 12.739953125867228 12.739953125867228 0.0
482 2 -0.671468519733915 15.924941407334035 12.739953125867228 0.0
483 1 0.671468519733915 12.739953125867228 15.924941407334035 3.184988281466807
484 2 -0.671468519733915 15.924941407334035 15.924941407334035 3.184988281466807
485 1 0.671468519733915 15.924941407334035 12.739953125867228 3.184988281466807
486 2 -0.671468519733915 12.739953125867228 12.739953125867228 3.184988281466807
487 1 0.671468519733915 15.924941407334035 15.924941407334035 0.0
488 2 -0.671468519733915 12.739953125867228 15.924941407334035 0.0
489 1 0.671468519733915 12.739953125867228 12.739953125867228 6.369976562933614
490 2 -0.671468519733915 15.924941407334035 12.739953125867228 6.369976562933614
491 1 0.671468519733915 12.739953125867228 15.924941407334035 9.55496484440042
492 2 -0.671468519733915 15.924941407334035 15.924941407334035 9.55496484440042
493 1 0.671468519733915 15.924941407334035 12.739953125867228 9.55496484440042
494 2 -0.671468519733915 12.739953125867228 12.739953125867228 9.55496484440042
495 1 0.671468519733915 15.924941407334035 15.924941407334035 6.369976562933614
496 2 -0.671468519733915 12.739953125867228 15.924941407334035 6.369976562933614
497 1 0.671468519733915 12.739953125867228 12.739953125867228 12.739953125867228
498 2 -0.671468519733915 15.924941407334035 12.739953125867228 12.739953125867228
499 1 0.671468519733915 12.739953125867228 15.924941407334035 15.924941407334035
500 2 -0.671468519733915 15.924941407334035 15.924941407334035 15.924941407334035
501 1 0.671468519733915 15.924941407334035 12.739953125867228 15.924941407334035
502 2 -0.671468519733915 12.739953125867228 12.739953125867228 15.924941407334035
503 1 0.671468519733915 15.924941407334035 15.924941407334035 12.739953125867228
504 2 -0.671468519733915 12.739953125867228 15.924941407334035 12.739953125867228
505 1 0.671468519733915 12.739953125867228 12.739953125867228 19.10992968880084
506 2 -0.671468519733915 15.924941407334035 12.739953125867228 19.10992968880084
507 1 0.671468519733915 12.739953125867228 15.924941407334035 22.294917970267647
508 2 -0.671468519733915 15.924941407334035 15.924941407334035 22.294917970267647
509 1 0.671468519733915 15.924941407334035 12.739953125867228 22.294917970267647
510 2 -0.671468519733915 12.739953125867228 12.739953125867228 22.294917970267647
511 1 0.671468519733915 15.924941407334035 15.924941407334035 19.10992968880084
512 2 -0.671468519733915 12.739953125867228 15.924941407334035 19.10992968880084
513 1 0.671468519733915 12.739953125867228 12.739953125867228 25.479906251734455
514 2 -0.671468519733915 15.924941407334035 12.739953125867228 25.479906251734455
515 1 0.671468519733915 12.739953125867228 15.924941407334035 28.664894533201263
516 2 -0.671468519733915 15.924941407334035 15.924941407334035 28.664894533201263
517 1 0.671468519733915 15.924941407334035 12.739953125867228 28.664894533201263
518 2 -0.671468519733915 12.739953125867228 12.739953125867228 28.664894533201263
519 1 0.671468519733915 15.924941407334035 15.924941407334035 25.479906251734455
520 2 -0.671468519733915 12.739953125867228 15.924941407334035 25.479906251734455
521 1 0.671468519733915 12.739953125867228 19.10992968880084 0.0
522 2 -0.671468519733915 15.924941407334035 19.10992968880084 0.0
523 1 0.671468519733915 12.739953125867228 22.294917970267647 3.184988281466807
524 2 -0.671468519733915 15.924941407334035 22.294917970267647 3.184988281466807
525 1 0.671468519733915 15.924941407334035 19.10992968880084 3.184988281466807
526 2 -0.671468519733915 12.739953125867228 19.10992968880084 3.184988281466807
527 1 0.671468519733915 15.924941407334035 22.294917970267647 0.0
528 2 -0.671468519733915 12.739953125867228 22.294917970267647 0.0
529 1 0.671468519733915 12.739953125867228 19.10992968880084 6.369976562933614
530 2 -0.671468519733915 15.924941407334035 19.10992968880084 6.369976562933614
531 1 0.671468519733915 12.739953125867228 22.294917970267647 9.55496484440042
532 2 -0.671468519733915 15.924941407334035 22.294917970267647 9.55496484440042
533 1 0.671468519733915 15.924941407334035 19.10992968880084 9.55496484440042
534 2 -0.671468519733915 12.739953125867228 19.10992968880084 9.55496484440042
535 1 0.671468519733915 15.924941407334035 22.294917970267647 6.369976562933614
536 2 -0.671468519733915 12.739953125867228 22.294917970267647 6.369976562933614
537 1 0.671468519733915 12.739953125867228 19.10992968880084 12.739953125867228
538 2 -0.671468519733915 15.924941407334035 19.10992968880084 12.739953125867228
539 1 0.671468519733915 12.739953125867228 22.294917970267647 15.924941407334035
540 2 -0.671468519733915 15.924941407334035 22.294917970267647 15.924941407334035
541 1 0.671468519733915 15.924941407334035 19.10992968880084 15.924941407334035
542 2 -0.671468519733915 12.739953125867228 19.10992968880084 15.924941407334035
543 1 0.671468519733915 15.924941407334035 22.294917970267647 12.739953125867228
544 2 -0.671468519733915 12.739953125867228 22.294917970267647 12.739953125867228
545 1 0.671468519733915 12.739953125867228 19.10992968880084 19.10992968880084
546 2 -0.671468519733915 15.924941407334035 19.10992968880084 19.10992968880084
547 1 0.671468519733915 12.739953125867228 22.294917970267647 22.294917970267647
548 2 -0.671468519733915 15.924941407334035 22.294917970267647 22.294917970267647
549 1 0.671468519733915 15.924941407334035 19.10992968880084 22.294917970267647
550 2 -0.671468519733915 12.739953125867228 19.10992968880084 22.294917970267647
551 1 0.671468519733915 15.924941407334035 22.294917970267647 19.10992968880084
552 2 -0.671468519733915 12.739953125867228 22.294917970267647 19.10992968880084
553 1 0.671468519733915 12.739953125867228 19.10992968880084 25.479906251734455
554 2 -0.671468519733915 15.924941407334035 19.10992968880084 25.479906251734455
555 1 0.671468519733915 12.739953125867228 22.294917970267647 28.664894533201263
556 2 -0.671468519733915 15.924941407334035 22.294917970267647 28.664894533201263
557 1 0.671468519733915 15.924941407334035 19.10992968880084 28.664894533201263
558 2 -0.671468519733915 12.739953125867228 19.10992968880084 28.664894533201263
559 1 0.671468519733915 15.924941407334035 22.294917970267647 25.479906251734455
560 2 -0.671468519733915 12.739953125867228 22.294917970267647 25.479906251734455
561 1 0.671468519733915 12.739953125867228 25.479906251734455 0.0
562 2 -0.671468519733915 15.924941407334035 25.479906251734455 0.0
563 1 0.671468519733915 12.739953125867228 28.664894533201263 3.184988281466807
564 2 -0.671468519733915 15.924941407334035 28.664894533201263 3.184988281466807
565 1 0.671468519733915 15.924941407334035 25.479906251734455 3.184988281466807
566 2 -0.671468519733915 12.739953125867228 25.479906251734455 3.184988281466807
567 1 0.671468519733915 15.924941407334035 28.664894533201263 0.0
568 2 -0.671468519733915 12.739953125867228 28.664894533201263 0.0
569 1 0.671468519733915 12.739953125867228 25.479906251734455 6.369976562933614
570 2 -0.671468519733915 15.924941407334035 25.479906251734455 6.369976562933614
571 1 0.671468519733915 12.739953125867228 28.664894533201263 9.55496484440042
572 2 -0.671468519733915 15.924941407334035 28.664894533201263 9.55496484440042
573 1 0.671468519733915 15.924941407334035 25.479906251734455 9.55496484440042
574 2 -0.671468519733915 12.739953125867228 25.479906251734455 9.55496484440042
575 1 0.671468519733915 15.924941407334035 28.664894533201263 6.369976562933614
576 2 -0.671468519733915 12.739953125867228 28.664894533201263 6.369976562933614
577 1 0.671468519733915 12.739953125867228 25.479906251734455 12.739953125867228
578 2 -0.671468519733915 15.924941407334035 25.479906251734455 12.739953125867228
579 1 0.671468519733915 12.739953125867228 28.664894533201263 15.924941407334035
580 2 -0.671468519733915 15.924941407334035 28.664894533201263 15.924941407334035
581 1 0.671468519733915 15.924941407334035 25.479906251734455 15.924941407334035
582 2 -0.671468519733915 12.739953125867228 25.479906251734455 15.924941407334035
583 1 0.671468519733915 15.924941407334035 28.664894533201263 12.739953125867228
584 2 -0.671468519733915 12.739953125867228 28.664894533201263 12.739953125867228
585 1 0.671468519733915 12.739953125867228 25.479906251734455 19.10992968880084
586 2 -0.671468519733915 15.924941407334035 25.479906251734455 19.10992968880084
587 1 0.671468519733915 12.739953125867228 28.664894533201263 22.294917970267647
588 2 -0.671468519733915 15.924941407334035 28.664894533201263 22.294917970267647
589 1 0.671468519733915 15.924941407334035 25.479906251734455 22.294917970267647
590 2 -0.671468519733915 12.739953125867228 25.479906251734455 22.294917970267647
591 1 0.671468519733915 15.924941407334035 28.664894533201263 19.10992968880084
592 2 -0.671468519733915 12.739953125867228 28.664894533201263 19.10992968880084
593 1 0.671468519733915 12.739953125867228 25.479906251734455 25.479906251734455
594 2 -0.671468519733915 15.924941407334035 25.479906251734455 25.479906251734455
595 1 0.671468519733915 12.739953125867228 28.664894533201263 28.664894533201263
596 2 -0.671468519733915 15.924941407334035 28.664894533201263 28.664894533201263
597 1 0.671468519733915 15.924941407334035 25.479906251734455 28.664894533201263
598 2 -0.671468519733915 12.739953125867228 25.479906251734455 28.664894533201263
599 1 0.671468519733915 15.924941407334035 28.664894533201263 25.479906251734455
600 2 -0.671468519733915 12.739953125867228 28.664894533201263 25.479906251734455
601 1 0.671468519733915 19.10992968880084 0.0 0.0
602 2 -0.671468519733915 22.294917970267647 0.0 0.0
603 1 0.671468519733915 19.10992968880084 3.184988281466807 3.184988281466807
604 2 -0.671468519733915 22.294917970267647 3.184988281466807 3.184988281466807
605 1 0.671468519733915 22.294917970267647 0.0 3.184988281466807
606 2 -0.671468519733915 19.10992968880084 0.0 3.184988281466807
607 1 0.671468519733915 22.294917970267647 3.184988281466807 0.0
608 2 -0.671468519733915 19.10992968880084 3.184988281466807 0.0
609 1 0.671468519733915 19.10992968880084 0.0 6.369976562933614
610 2 -0.671468519733915 22.294917970267647 0.0 6.369976562933614
611 1 0.671468519733915 19.10992968880084 3.184988281466807 9.55496484440042
612 2 -0.671468519733915 22.294917970267647 3.184988281466807 9.55496484440042
613 1 0.671468519733915 22.294917970267647 0.0 9.55496484440042
614 2 -0.671468519733915 19.10992968880084 0.0 9.55496484440042
615 1 0.671468519733915 22.294917970267647 3.184988281466807 6.369976562933614
616 2 -0.671468519733915 19.10992968880084 3.184988281466807 6.369976562933614
617 1 0.671468519733915 19.10992968880084 0.0 12.739953125867228
618 2 -0.671468519733915 22.294917970267647 0.0 12.739953125867228
619 1 0.671468519733915 19.10992968880084 3.184988281466807 15.924941407334035
620 2 -0.671468519733915 22.294917970267647 3.184988281466807 15.924941407334035
621 1 0.671468519733915 22.294917970267647 0.0 15.924941407334035
622 2 -0.671468519733915 19.10992968880084 0.0 15.924941407334035
623 1 0.671468519733915 22.294917970267647 3.184988281466807 12.739953125867228
624 2 -0.671468519733915 19.10992968880084 3.184988281466807 12.739953125867228
625 1 0.671468519733915 19.10992968880084 0.0 19.10992968880084
626 2 -0.671468519733915 22.294917970267647 0.0 19.10992968880084
627 1 0.671468519733915 19.10992968880084 3.184988281466807 22.294917970267647
628 2 -0.671468519733915 22.294917970267647 3.184988281466807 22.294917970267647
629 1 0.671468519733915 22.294917970267647 0.0 22.294917970267647
630 2 -0.671468519733915 19.10992968880084 0.0 22.294917970267647
631 1 0.671468519733915 22.294917970267647 3.184988281466807 19.10992968880084
632 2 -0.671468519733915 19.10992968880084 3.184988281466807 19.10992968880084
633 1 0.671468519733915 19.10992968880084 0.0 25.479906251734455
634 2 -0.671468519733915 22.294917970267647 0.0 25.479906251734455
635 1 0.671468519733915 19.10992968880084 3.184988281466807 28.664894533201263
636 2 -0.671468519733915 22.294917970267647 3.184988281466807 28.664894533201263
637 1 0.671468519733915 22.294917970267647 0.0 28.664894533201263
638 2 -0.671468519733915 19.10992968880084 0.0 28.664894533201263
639 1 0.671468519733915 22.294917970267647 3.184988281466807 25.479906251734455
640 2 -0.671468519733915 19.10992968880084 3.184988281466807 25.479906251734455
641 1 0.671468519733915 19.10992968880084 6.369976562933614 0.0
642 2 -0.671468519733915 22.294917970267647 6.369976562933614 0.0
643 1 0.671468519733915 19.10992968880084 9.55496484440042 3.184988281466807
644 2 -0.671468519733915 22.294917970267647 9.55496484440042 3.184988281466807
645 1 0.671468519733915 22.294917970267647 6.369976562933614 3.184988281466807
646 2 -0.671468519733915 19.10992968880084 6.369976562933614 3.184988281466807
647 1 0.671468519733915 22.294917970267647 9.55496484440042 0.0
648 2 -0.671468519733915 19.10992968880084 9.55496484440042 0.0
649 1 0.671468519733915 19.10992968880084 6.369976562933614 6.369976562933614
650 2 -0.671468519733915 22.294917970267647 6.369976562933614 6.369976562933614
651 1 0.671468519733915 19.10992968880084 9.55496484440042 9.55496484440042
652 2 -0.671468519733915 22.294917970267647 9.55496484440042 9.55496484440042
653 1 0.671468519733915 22.294917970267647 6.369976562933614 9.55496484440042
654 2 -0.671468519733915 19.10992968880084 6.369976562933614 9.55496484440042
655 1 0.671468519733915 22.294917970267647 9.55496484440042 6.369976562933614
656 2 -0.671468519733915 19.10992968880084 9.55496484440042 6.369976562933614
657 1 0.671468519733915 19.10992968880084 6.369976562933614 12.739953125867228
658 2 -0.671468519733915 22.294917970267647 6.369976562933614 12.739953125867228
659 1 0.671468519733915 19.10992968880084 9.55496484440042 15.924941407334035
660 2 -0.671468519733915 22.294917970267647 9.55496484440042 15.924941407334035
661 1 0.671468519733915 22.294917970267647 6.369976562933614 15.924941407334035
662 2 -0.671468519733915 19.10992968880084 6.369976562933614 15.924941407334035
663 1 0.671468519733915 22.294917970267647 9.55496484440042 12.739953125867228
664 2 -0.671468519733915 19.10992968880084 9.55496484440042 12.739953125867228
665 1 0.671468519733915 19.10992968880084 6.369976562933614 19.10992968880084
666 2 -0.671468519733915 22.294917970267647 6.369976562933614 19.10992968880084
667 1 0.671468519733915 19.10992968880084 9.55496484440042 22.294917970267647
668 2 -0.671468519733915 22.294917970267647 9.55496484440042 22.294917970267647
669 1 0.671468519733915 22.294917970267647 6.369976562933614 22.294917970267647
670 2 -0.671468519733915 19.10992968880084 6.369976562933614 22.294917970267647
671 1 0.671468519733915 22.294917970267647 9.55496484440042 19.10992968880084
672 2 -0.671468519733915 19.10992968880084 9.55496484440042 19.10992968880084
673 1 0.671468519733915 19.10992968880084 6.369976562933614 25.479906251734455
674 2 -0.671468519733915 22.294917970267647 6.369976562933614 25.479906251734455
675 1 0.671468519733915 19.10992968880084 9.55496484440042 28.664894533201263
676 2 -0.671468519733915 22.294917970267647 9.55496484440042 28.664894533201263
677 1 0.671468519733915 22.294917970267647 6.369976562933614 28.664894533201263
678 2 -0.671468519733915 19.10992968880084 6.369976562933614 28.664894533201263
679 1 0.671468519733915 22.294917970267647 9.55496484440042 25.479906251734455
680 2 -0.671468519733915 19.10992968880084 9.55496484440042 25.479906251734455
681 1 0.671468519733915 19.10992968880084 12.739953125867228 0.0
682 2 -0.671468519733915 22.294917970267647 12.739953125867228 0.0
683 1 0.671468519733915 19.10992968880084 15.924941407334035 3.184988281466807
684 2 -0.671468519733915 22.294917970267647 15.924941407334035 3.184988281466807
685 1 0.671468519733915 22.294917970267647 12.739953125867228 3.184988281466807
686 2 -0.671468519733915 19.10992968880084 12.739953125867228 3.184988281466807
687 1 0.671468519733915 22.294917970267647 15.924941407334035 0.0
688 2 -0.671468519733915 19.10992968880084 15.924941407334035 0.0
689 1 0.671468519733915 19.10992968880084 12.739953125867228 6.369976562933614
690 2 -0.671468519733915 22.294917970267647 12.739953125867228 6.369976562933614
691 1 0.671468519733915 19.10992968880084 15.924941407334035 9.55496484440042
692 2 -0.671468519733915 22.294917970267647 15.924941407334035 9.55496484440042
693 1 0.671468519733915 22.294917970267647 12.739953125867228 9.55496484440042
694 2 -0.671468519733915 19.10992968880084 12.739953125867228 9.55496484440042
695 1 0.671468519733915 22.294917970267647 15.924941407334035 6.369976562933614
696 2 -0.671468519733915 19.10992968880084 15.924941407334035 6.369976562933614
697 1 0.671468519733915 19.10992968880084 12.739953125867228 12.739953125867228
698 2 -0.671468519733915 22.294917970267647 12.739953125867228 12.739953125867228
699 1 0.671468519733915 19.10992968880084 15.924941407334035 15.924941407334035
700 2 -0.671468519733915 22.294917970267647 15.924941407334035 15.924941407334035
701 1 0.671468519733915 22.294917970267647 12.739953125867228 15.924941407334035
702 2 -0.671468519733915 19.10992968880084 12.739953125867228 15.924941407334035
703 1 0.671468519733915 22.294917970267647 15.924941407334035 12.739953125867228
704 2 -0.671468519733915 19.10992968880084 15.924941407334035 12.739953125867228
705 1 0.671468519733915 19.10992968880084 12.739953125867228 19.10992968880084
706 2 -0.671468519733915 22.294917970267647 12.739953125867228 19.10992968880084
707 1 0.671468519733915 19.10992968880084 15.924941407334035 22.294917970267647
708 2 -0.671468519733915 22.294917970267647 15.924941407334035 22.294917970267647
709 1 0.671468519733915 22.294917970267647 12.739953125867228 22.294917970267647
710 2 -0.671468519733915 19.10992968880084 12.739953125867228 22.294917970267647
711 1 0.671468519733915 22.294917970267647 15.924941407334035 19.10992968880084
712 2 -0.671468519733915 19.10992968880084 15.924941407334035 19.10992968880084
713 1 0.671468519733915 19.10992968880084 12.739953125867228 25.479906251734455
714 2 -0.671468519733915 22.294917970267647 12.739953125867228 25.479906251734455
715 1 0.671468519733915 19.10992968880084 15.924941407334035 28.664894533201263
716 2 -0.671468519733915 22.294917970267647 15.924941407334035 28.664894533201263
717 1 0.671468519733915 22.294917970267647 12.739953125867228 28.664894533201263
718 2 -0.671468519733915 19.10992968880084 12.739953125867228 28.664894533201263
719 1 0.671468519733915 22.294917970267647 15.924941407334035 25.479906251734455
720 2 -0.671468519733915 19.10992968880084 15.924941407334035 25.479906251734455
721 1 0.671468519733915 19.10992968880084 19.10992968880084 0.0
722 2 -0.671468519733915 22.294917970267647 19.10992968880084 0.0
723 1 0.671468519733915 19.10992968880084 22.294917970267647 3.184988281466807
724 2 -0.671468519733915 22.294917970267647 22.294917970267647 3.184988281466807
725 1 0.671468519733915 22.294917970267647 19.10992968880084 3.184988281466807
726 2 -0.671468519733915 19.10992968880084 19.10992968880084 3.184988281466807
727 1 0.671468519733915 22.294917970267647 22.294917970267647 0.0
728 2 -0.671468519733915 19.10992968880084 22.294917970267647 0.0
729 1 0.671468519733915 19.10992968880084 19.10992968880084 6.369976562933614
730 2 -0.671468519733915 22.294917970267647 19.10992968880084 6.369976562933614
731 1 0.671468519733915 19.10992968880084 22.294917970267647 9.55496484440042
732 2 -0.671468519733915 22.294917970267647 22.294917970267647 9.55496484440042
733 1 0.671468519733915 22.294917970267647 19.10992968880084 9.55496484440042
734 2 -0.671468519733915 19.10992968880084 19.10992968880084 9.55496484440042
735 1 0.671468519733915 22.294917970267647 22.294917970267647 6.369976562933614
736 2 -0.671468519733915 19.10992968880084 22.294917970267647 6.369976562933614
737 1 0.671468519733915 19.10992968880084 19.10992968880084 12.739953125867228
738 2 -0.671468519733915 22.294917970267647 19.10992968880084 12.739953125867228
739 1 0.671468519733915 19.10992968880084 22.294917970267647 15.924941407334035
740 2 -0.671468519733915 22.294917970267647 22.294917970267647 15.924941407334035
741 1 0.671468519733915 22.294917970267647 19.10992968880084 15.924941407334035
742 2 -0.671468519733915 19.10992968880084 19.10992968880084 15.924941407334035
743 1 0.671468519733915 22.294917970267647 22.294917970267647 12.739953125867228
744 2 -0.671468519733915 19.10992968880084 22.294917970267647 12.739953125867228
745 1 0.671468519733915 19.10992968880084 19.10992968880084 19.10992968880084
746 2 -0.671468519733915 22.294917970267647 19.10992968880084 19.10992968880084
747 1 0.671468519733915 19.10992968880084 22.294917970267647 22.294917970267647
748 2 -0.671468519733915 22.294917970267647 22.294917970267647 22.294917970267647
749 1 0.671468519733915 22.294917970267647 19.10992968880084 22.294917970267647
750 2 -0.671468519733915 19.10992968880084 19.10992968880084 22.294917970267647
751 1 0.671468519733915 22.294917970267647 22.294917970267647 19.10992968880084
752 2 -0.671468519733915 19.10992968880084 22.294917970267647 19.10992968880084
753 1 0.671468519733915 19.10992968880084 19.10992968880084 25.479906251734455
754 2 -0.671468519733915 22.294917970267647 19.10992968880084 25.479906251734455
755 1 0.671468519733915 19.10992968880084 22.294917970267647 28.664894533201263
756 2 -0.671468519733915 22.294917970267647 22.294917970267647 28.664894533201263
757 1 0.671468519733915 22.294917970267647 19.10992968880084 28.664894533201263
758 2 -0.671468519733915 19.10992968880084 19.10992968880084 28.664894533201263
759 1 0.671468519733915 22.294917970267647 22.294917970267647 25.479906251734455
760 2 -0.671468519733915 19.10992968880084 22.294917970267647 25.479906251734455
761 1 0.671468519733915 19.10992968880084 25.479906251734455 0.0
762 2 -0.671468519733915 22.294917970267647 25.479906251734455 0.0
763 1 0.671468519733915 19.10992968880084 28.664894533201263 3.184988281466807
764 2 -0.671468519733915 22.294917970267647 28.664894533201263 3.184988281466807
765 1 0.671468519733915 22.294917970267647 25.479906251734455 3.184988281466807
766 2 -0.671468519733915 19.10992968880084 25.479906251734455 3.184988281466807
767 1 0.671468519733915 22.294917970267647 28.664894533201263 0.0
768 2 -0.671468519733915 19.10992968880084 28.664894533201263 0.0
769 1 0.671468519733915 19.10992968880084 25.479906251734455 6.369976562933614
770 2 -0.671468519733915 22.294917970267647 25.479906251734455 6.369976562933614
771 1 0.671468519733915 19.10992968880084 28.664894533201263 9.55496484440042
772 2 -0.671468519733915 22.294917970267647 28.664894533201263 9.55496484440042
773 1 0.671468519733915 22.294917970267647 25.479906251734455 9.55496484440042
774 2 -0.671468519733915 19.10992968880084 25.479906251734455 9.55496484440042
775 1 0.671468519733915 22.294917970267647 28.664894533201263 6.369976562933614
776 2 -0.671468519733915 19.10992968880084 28.664894533201263 6.369976562933614
777 1 0.671468519733915 19.10992968880084 25.479906251734455 12.739953125867228
778 2 -0.671468519733915 22.294917970267647 25.479906251734455 12.739953125867228
779 1 0.671468519733915 19.10992968880084 28.664894533201263 15.924941407334035
780 2 -0.671468519733915 22.294917970267647 28.664894533201263 15.924941407334035
781 1 0.671468519733915 22.294917970267647 25.479906251734455 15.924941407334035
782 2 -0.671468519733915 19.10992968880084 25.479906251734455 15.924941407334035
783 1 0.671468519733915 22.294917970267647 28.664894533201263 12.739953125867228
784 2 -0.671468519733915 19.10992968880084 28.664894533201263 12.739953125867228
785 1 0.671468519733915 19.10992968880084 25.479906251734455 19.10992968880084
786 2 -0.671468519733915 22.294917970267647 25.479906251734455 19.10992968880084
787 1 0.671468519733915 19.10992968880084 28.664894533201263 22.294917970267647
788 2 -0.671468519733915 22.294917970267647 28.664894533201263 22.294917970267647
789 1 0.671468519733915 22.294917970267647 25.479906251734455 22.294917970267647
790 2 -0.671468519733915 19.10992968880084 25.479906251734455 22.294917970267647
791 1 0.671468519733915 22.294917970267647 28.664894533201263 19.10992968880084
792 2 -0.671468519733915 19.10992968880084 28.664894533201263 19.10992968880084
793 1 0.671468519733915 19.10992968880084 25.479906251734455 25.479906251734455
794 2 -0.671468519733915 22.294917970267647 25.479906251734455 25.479906251734455
795 1 0.671468519733915 19.10992968880084 28.664894533201263 28.664894533201263
796 2 -0.671468519733915 22.294917970267647 28.664894533201263 28.664894533201263
797 1 0.671468519733915 22.294917970267647 25.479906251734455 28.664894533201263
798 2 -0.671468519733915 19.10992968880084 25.479906251734455 28.664894533201263
799 1 0.671468519733915 22.294917970267647 28.664894533201263 25.479906251734455
800 2 -0.671468519733915 19.10992968880084 28.664894533201263 25.479906251734455
801 1 0.671468519733915 25.479906251734455 0.0 0.0
802 2 -0.671468519733915 28.664894533201263 0.0 0.0
803 1 0.671468519733915 25.479906251734455 3.184988281466807 3.184988281466807
804 2 -0.671468519733915 28.664894533201263 3.184988281466807 3.184988281466807
805 1 0.671468519733915 28.664894533201263 0.0 3.184988281466807
806 2 -0.671468519733915 25.479906251734455 0.0 3.184988281466807
807 1 0.671468519733915 28.664894533201263 3.184988281466807 0.0
808 2 -0.671468519733915 25.479906251734455 3.184988281466807 0.0
809 1 0.671468519733915 25.479906251734455 0.0 6.369976562933614
810 2 -0.671468519733915 28.664894533201263 0.0 6.369976562933614
811 1 0.671468519733915 25.479906251734455 3.184988281466807 9.55496484440042
812 2 -0.671468519733915 28.664894533201263 3.184988281466807 9.55496484440042
813 1 0.671468519733915 28.664894533201263 0.0 9.55496484440042
814 2 -0.671468519733915 25.479906251734455 0.0 9.55496484440042
815 1 0.671468519733915 28.664894533201263 3.184988281466807 6.369976562933614
816 2 -0.671468519733915 25.479906251734455 3.184988281466807 6.369976562933614
817 1 0.671468519733915 25.479906251734455 0.0 12.739953125867228
818 2 -0.671468519733915 28.664894533201263 0.0 12.739953125867228
819 1 0.671468519733915 25.479906251734455 3.184988281466807 15.924941407334035
820 2 -0.671468519733915 28.664894533201263 3.184988281466807 15.924941407334035
821 1 0.671468519733915 28.664894533201263 0.0 15.924941407334035
822 2 -0.671468519733915 25.479906251734455 0.0 15.924941407334035
823 1 0.671468519733915 28.664894533201263 3.184988281466807 12.739953125867228
824 2 -0.671468519733915 25.479906251734455 3.184988281466807 12.739953125867228
825 1 0.671468519733915 25.479906251734455 0.0 19.10992968880084
826 2 -0.671468519733915 28.664894533201263 0.0 19.10992968880084
827 1 0.671468519733915 25.479906251734455 3.184988281466807 22.294917970267647
828 2 -0.671468519733915 28.664894533201263 3.184988281466807 22.294917970267647
829 1 0.671468519733915 28.664894533201263 0.0 22.294917970267647
830 2 -0.671468519733915 25.479906251734455 0.0 22.294917970267647
831 1 0.671468519733915 28.664894533201263 3.184988281466807 19.10992968880084
832 2 -0.671468519733915 25.479906251734455 3.184988281466807 19.10992968880084
833 1 0.671468519733915 25.479906251734455 0.0 25.479906251734455
834 2 -0.671468519733915 28.664894533201263 0.0 25.479906251734455
835 1 0.671468519733915 25.479906251734455 3.184988281466807 28.664894533201263
836 2 -0.671468519733915 28.664894533201263 3.184988281466807 28.664894533201263
837 1 0.671468519733915 28.664894533201263 0.0 28.664894533201263
838 2 -0.671468519733915 25.479906251734455 0.0 28.664894533201263
839 1 0.671468519733915 28.664894533201263 3.184988281466807 25.479906251734455
840 2 -0.671468519733915 25.479906251734455 3.184988281466807 25.479906251734455
841 1 0.671468519733915 25.479906251734455 6.369976562933614 0.0
842 2 -0.671468519733915 28.664894533201263 6.369976562933614 0.0
843 1 0.671468519733915 25.479906251734455 9.55496484440042 3.184988281466807
844 2 -0.671468519733915 28.664894533201263 9.55496484440042 3.184988281466807
845 1 0.671468519733915 28.664894533201263 6.369976562933614 3.184988281466807
846 2 -0.671468519733915 25.479906251734455 6.369976562933614 3.184988281466807
847 1 0.671468519733915 28.664894533201263 9.55496484440042 0.0
848 2 -0.671468519733915 25.479906251734455 9.55496484440042 0.0
849 1 0.671468519733915 25.479906251734455 6.369976562933614 6.369976562933614
850 2 -0.671468519733915 28.664894533201263 6.369976562933614 6.369976562933614
851 1 0.671468519733915 25.479906251734455 9.55496484440042 9.55496484440042
852 2 -0.671468519733915 28.664894533201263 9.55496484440042 9.55496484440042
853 1 0.671468519733915 28.664894533201263 6.369976562933614 9.55496484440042
854 2 -0.671468519733915 25.479906251734455 6.369976562933614 9.55496484440042
855 1 0.671468519733915 28.664894533201263 9.55496484440042 6.369976562933614
856 2 -0.671468519733915 25.479906251734455 9.55496484440042 6.369976562933614
857 1 0.671468519733915 25.479906251734455 6.369976562933614 12.739953125867228
858 2 -0.671468519733915 28.664894533201263 6.369976562933614 12.739953125867228
859 1 0.671468519733915 25.479906251734455 9.55496484440042 15.924941407334035
860 2 -0.671468519733915 28.664894533201263 9.55496484440042 15.924941407334035
861 1 0.671468519733915 28.664894533201263 6.369976562933614 15.924941407334035
862 2 -0.671468519733915 25.479906251734455 6.369976562933614 15.924941407334035
863 1 0.671468519733915 28.664894533201263 9.55496484440042 12.739953125867228
864 2 -0.671468519733915 25.479906251734455 9.55496484440042 12.739953125867228
865 1 0.671468519733915 25.479906251734455 6.369976562933614 19.10992968880084
866 2 -0.671468519733915 28.664894533201263 6.369976562933614 19.10992968880084
867 1 0.671468519733915 25.479906251734455 9.55496484440042 22.294917970267647
868 2 -0.671468519733915 28.664894533201263 9.55496484440042 22.294917970267647
869 1 0.671468519733915 28.664894533201263 6.369976562933614 22.294917970267647
870 2 -0.671468519733915 25.479906251734455 6.369976562933614 22.294917970267647
871 1 0.671468519733915 28.664894533201263 9.55496484440042 19.10992968880084
872 2 -0.671468519733915 25.479906251734455 9.55496484440042 19.10992968880084
873 1 0.671468519733915 25.479906251734455 6.369976562933614 25.479906251734455
874 2 -0.671468519733915 28.664894533201263 6.369976562933614 25.479906251734455
875 1 0.671468519733915 25.479906251734455 9.55496484440042 28.664894533201263
876 2 -0.671468519733915 28.664894533201263 9.55496484440042 28.664894533201263
877 1 0.671468519733915 28.664894533201263 6.369976562933614 28.664894533201263
878 2 -0.671468519733915 25.479906251734455 6.369976562933614 28.664894533201263
879 1 0.671468519733915 28.664894533201263 9.55496484440042 25.479906251734455
880 2 -0.671468519733915 25.479906251734455 9.55496484440042 25.479906251734455
881 1 0.671468519733915 25.479906251734455 12.739953125867228 0.0
882 2 -0.671468519733915 28.664894533201263 12.739953125867228 0.0
883 1 0.671468519733915 25.479906251734455 15.924941407334035 3.184988281466807
884 2 -0.671468519733915 28.664894533201263 15.924941407334035 3.184988281466807
885 1 0.671468519733915 28.664894533201263 12.739953125867228 3.184988281466807
886 2 -0.671468519733915 25.479906251734455 12.739953125867228 3.184988281466807
887 1 0.671468519733915 28.664894533201263 15.924941407334035 0.0
888 2 -0.671468519733915 25.479906251734455 15.924941407334035 0.0
889 1 0.671468519733915 25.479906251734455 12.739953125867228 6.369976562933614
890 2 -0.671468519733915 28.664894533201263 12.739953125867228 6.369976562933614
891 1 0.671468519733915 25.479906251734455 15.924941407334035 9.55496484440042
892 2 -0.671468519733915 28.664894533201263 15.924941407334035 9.55496484440042
893 1 0.671468519733915 28.664894533201263 12.739953125867228 9.55496484440042
894 2 -0.671468519733915 25.479906251734455 12.739953125867228 9.55496484440042
895 1 0.671468519733915 28.664894533201263 15.924941407334035 6.369976562933614
896 2 -0.671468519733915 25.479906251734455 15.924941407334035 6.369976562933614
897 1 0.671468519733915 25.479906251734455 12.739953125867228 12.739953125867228
898 2 -0.671468519733915 28.664894533201263 12.739953125867228 12.739953125867228
899 1 0.671468519733915 25.479906251734455 15.924941407334035 15.924941407334035
900 2 -0.671468519733915 28.664894533201263 15.924941407334035 15.924941407334035
901 1 0.671468519733915 28.664894533201263 12.739953125867228 15.924941407334035
902 2 -0.671468519733915 25.479906251734455 12.739953125867228 15.924941407334035
903 1 0.671468519733915 28.664894533201263 15.924941407334035 12.739953125867228
904 2 -0.671468519733915 25.479906251734455 15.924941407334035 12.739953125867228
905 1 0.671468519733915 25.479906251734455 12.739953125867228 19.10992968880084
906 2 -0.671468519733915 28.664894533201263 12.739953125867228 19.10992968880084
907 1 0.671468519733915 25.479906251734455 15.924941407334035 22.294917970267647
908 2 -0.671468519733915 28.664894533201263 15.924941407334035 22.294917970267647
909 1 0.671468519733915 28.664894533201263 12.739953125867228 22.294917970267647
910 2 -0.671468519733915 25.479906251734455 12.739953125867228 22.294917970267647
911 1 0.671468519733915 28.664894533201263 15.924941407334035 19.10992968880084
912 2 -0.671468519733915 25.479906251734455 15.924941407334035 19.10992968880084
913 1 0.671468519733915 25.479906251734455 12.739953125867228 25.479906251734455
914 2 -0.671468519733915 28.664894533201263 12.739953125867228 25.479906251734455
915 1 0.671468519733915 25.479906251734455 15.924941407334035 28.664894533201263
916 2 -0.671468519733915 28.664894533201263 15.924941407334035 28.664894533201263
917 1 0.671468519733915 28.664894533201263 12.739953125867228 28.664894533201263
918 2 -0.671468519733915 25.479906251734455 12.739953125867228 28.664894533201263
919 1 0.671468519733915 28.664894533201263 15.924941407334035 25.479906251734455
920 2 -0.671468519733915 25.479906251734455 15.924941407334035 25.479906251734455
921 1 0.671468519733915 25.479906251734455 19.10992968880084 0.0
922 2 -0.671468519733915 28.664894533201263 19.10992968880084 0.0
923 1 0.671468519733915 25.479906251734455 22.294917970267647 3.184988281466807
924 2 -0.671468519733915 28.664894533201263 22.294917970267647 3.184988281466807
925 1 0.671468519733915 28.664894533201263 19.10992968880084 3.184988281466807
926 2 -0.671468519733915 25.479906251734455 19.10992968880084 3.184988281466807
927 1 0.671468519733915 28.664894533201263 22.294917970267647 0.0
928 2 -0.671468519733915 25.479906251734455 22.294917970267647 0.0
929 1 0.671468519733915 25.479906251734455 19.10992968880084 6.369976562933614
930 2 -0.671468519733915 28.664894533201263 19.10992968880084 6.369976562933614
931 1 0.671468519733915 25.479906251734455 22.294917970267647 9.55496484440042
932 2 -0.671468519733915 28.664894533201263 22.294917970267647 9.55496484440042
933 1 0.671468519733915 28.664894533201263 19.10992968880084 9.55496484440042
934 2 -0.671468519733915 25.479906251734455 19.10992968880084 9.55496484440042
935 1 0.671468519733915 28.664894533201263 22.294917970267647 6.369976562933614
936 2 -0.671468519733915 25.479906251734455 22.294917970267647 6.369976562933614
937 1 0.671468519733915 25.479906251734455 19.10992968880084 12.739953125867228
938 2 -0.671468519733915 28.664894533201263 19.10992968880084 12.739953125867228
939 1 0.671468519733915 25.479906251734455 22.294917970267647 15.924941407334035
940 2 -0.671468519733915 28.664894533201263 22.294917970267647 15.924941407334035
941 1 0.671468519733915 28.664894533201263 19.10992968880084 15.924941407334035
942 2 -0.671468519733915 25.479906251734455 19.10992968880084 15.924941407334035
943 1 0.671468519733915 28.664894533201263 22.294917970267647 12.739953125867228
944 2 -0.671468519733915 25.479906251734455 22.294917970267647 12.739953125867228
945 1 0.671468519733915 25.479906251734455 19.10992968880084 19.10992968880084
946 2 -0.671468519733915 28.664894533201263 19.10992968880084 19.10992968880084
947 1 0.671468519733915 25.479906251734455 22.294917970267647 22.294917970267647
948 2 -0.671468519733915 28.664894533201263 22.294917970267647 22.294917970267647
949 1 0.671468519733915 28.664894533201263 19.10992968880084 22.294917970267647
950 2 -0.671468519733915 25.479906251734455 19.10992968880084 22.294917970267647
951 1 0.671468519733915 28.664894533201263 22.294917970267647 19.10992968880084
952 2 -0.671468519733915 25.479906251734455 22.294917970267647 19.10992968880084
953 1 0.671468519733915 25.479906251734455 19.10992968880084 25.479906251734455
954 2 -0.671468519733915 28.664894533201263 19.10992968880084 25.479906251734455
955 1 0.671468519733915 25.479906251734455 22.294917970267647 28.664894533201263
956 2 -0.671468519733915 28.664894533201263 22.294917970267647 28.664894533201263
957 1 0.671468519733915 28.664894533201263 19.10992968880084 28.664894533201263
958 2 -0.671468519733915 25.479906251734455 19.10992968880084 28.664894533201263
959 1 0.671468519733915 28.664894533201263 22.294917970267647 25.479906251734455
960 2 -0.671468519733915 25.479906251734455 22.294917970267647 25.479906251734455
961 1 0.671468519733915 25.479906251734455 25.479906251734455 0.0
962 2 -0.671468519733915 28.664894533201263 25.479906251734455 0.0
963 1 0.671468519733915 25.479906251734455 28.664894533201263 3.184988281466807
964 2 -0.671468519733915 28.664894533201263 28.664894533201263 3.184988281466807
965 1 0.671468519733915 28.664894533201263 25.479906251734455 3.184988281466807
966 2 -0.671468519733915 25.479906251734455 25.479906251734455 3.184988281466807
967 1 0.671468519733915 28.664894533201263 28.664894533201263 0.0
968 2 -0.671468519733915 25.479906251734455 28.664894533201263 0.0
969 1 0.671468519733915 25.479906251734455 25.479906251734455 6.369976562933614
970 2 -0.671468519733915 28.664894533201263 25.479906251734455 6.369976562933614
971 1 0.671468519733915 25.479906251734455 28.664894533201263 9.55496484440042
972 2 -0.671468519733915 28.664894533201263 28.664894533201263 9.55496484440042
973 1 0.671468519733915 28.664894533201263 25.479906251734455 9.55496484440042
974 2 -0.671468519733915 25.479906251734455 25.479906251734455 9.55496484440042
975 1 0.671468519733915 28.664894533201263 28.664894533201263 6.369976562933614
976 2 -0.671468519733915 25.479906251734455 28.664894533201263 6.369976562933614
977 1 0.671468519733915 25.479906251734455 25.479906251734455 12.739953125867228
978 2 -0.671468519733915 28.664894533201263 25.479906251734455 12.739953125867228
979 1 0.671468519733915 25.479906251734455 28.664894533201263 15.924941407334035
980 2 -0.671468519733915 28.664894533201263 28.664894533201263 15.924941407334035
981 1 0.671468519733915 28.664894533201263 25.479906251734455 15.924941407334035
982 2 -0.671468519733915 25.479906251734455 25.479906251734455 15.924941407334035
983 1 0.671468519733915 28.664894533201263 28.664894533201263 12.739953125867228
984 2 -0.671468519733915 25.479906251734455 28.664894533201263 12.739953125867228
985 1 0.671468519733915 25.479906251734455 25.479906251734455 19.10992968880084
986 2 -0.671468519733915 28.664894533201263 25.479906251734455 19.10992968880084
987 1 0.671468519733915 25.479906251734455 28.664894533201263 22.294917970267647
988 2 -0.671468519733915 28.664894533201263 28.664894533201263 22.294917970267647
989 1 0.671468519733915 28.664894533201263 25.479906251734455 22.294917970267647
990 2 -0.671468519733915 25.479906251734455 25.479906251734455 22.294917970267647
991 1 0.671468519733915 28.664894533201263 28.664894533201263 19.10992968880084
992 2 -0.671468519733915 25.479906251734455 28.664894533201263 19.10992968880084
993 1 0.671468519733915 25.479906251734455 25.479906251734455 25.479906251734455
994 2 -0.671468519733915 28.664894533201263 25.479906251734455 25.479906251734455
995 1 0.671468519733915 25.479906251734455 28.664894533201263 28.664894533201263
996 2 -0.671468519733915 28.664894533201263 28.664894533201263 28.664894533201263
997 1 0.671468519733915 28.664894533201263 25.479906251734455 28.664894533201263
998 2 -0.671468519733915 25.479906251734455 25.479906251734455 28.664894533201263
999 1 0.671468519733915 28.664894533201263 28.664894533201263 25.479906251734455
1000 2 -0.671468519733915 25.479906251734455 28.664894533201263 25.479906251734455
