0 0.15832356616419818
1 0.13002121712826759
2 0.09814191848302273
3 0.07669156963493297
4 0.059122342737094394
5 0.04623743346204931
6 0.035251454946250024
7 0.026605537264023378
8 0.01970798975189141
9 0.013755168796738961
10 0.009297723941948046
11 0.00671990310808605
12 -0.016105057153735
21 -0.023730467948216254
22 -0.0058526701775266565
23 -0.0051357117305564385
24 -0.004488748964687162
25 -0.003925894977281233
26 -0.003515495123022022
27 -0.003251649612455226
28 -0.0030419014912050637
29 -0.0026592394600834326
30 -0.002017603433755494
31 -0.0014774884017842683
32 -0.0012803061232089785
33 -0.001012688042095935
34 -0.000946120543567655
35 -0.0008526682998516121
36 -0.000785650951331071
37 -0.0006562729409982681
38 -0.0005988745038862863
39 -0.0005244944249276832
40 -0.0004967606169222494
41 -0.00045121663492221447
42 -0.0003979540900107419
43 -0.0003794725600484869
44 -0.00022786886711416944
45 -0.00020340530021297276
46 -0.00017079153352504562
47 -7.94398919875657e-05
48 -5.171149926098637e-05
