  0.100000000000000E-01  0.126335441006837E+02 -0.218653851650800E+02  0.357250307835673E+02
  0.200000000000000E-01  0.124166668118819E+02 -0.215110375164927E+02  0.351460754823782E+02
  0.300000000000000E-01  0.122033042088145E+02 -0.211624323807910E+02  0.345765026571008E+02
  0.400000000000000E-01  0.119933993329321E+02 -0.208194766955421E+02  0.340161602565250E+02
  0.500000000000000E-01  0.117868961487480E+02 -0.204820789064711E+02  0.334648986935630E+02
  0.600000000000000E-01  0.115837395288795E+02 -0.201501489430201E+02  0.329225708053164E+02
  0.700000000000000E-01  0.113838752393313E+02 -0.198235981943031E+02  0.323890318137900E+02
  0.800000000000000E-01  0.111872499250175E+02 -0.195023394854508E+02  0.318641392872424E+02
  0.900000000000000E-01  0.109938110955176E+02 -0.191862870543390E+02  0.313477531021628E+02
  0.100000000000000E+00  0.108035071110644E+02 -0.188753565286932E+02  0.308397354058641E+02
  0.110000000000000E+00  0.106162871687581E+02 -0.185694649035655E+02  0.303399505796826E+02
  0.120000000000000E+00  0.104321012890043E+02 -0.182685305191755E+02  0.298482652027730E+02
  0.130000000000000E+00  0.102509003021715E+02 -0.179724730391109E+02  0.293645480164916E+02
  0.140000000000000E+00  0.100726358354650E+02 -0.176812134288811E+02  0.288886698893552E+02
  0.150000000000000E+00  0.989726030001335E+01 -0.173946739348181E+02  0.284205037825694E+02
  0.160000000000000E+00  0.972472687816447E+01 -0.171127780633203E+02  0.279599247161141E+02
  0.170000000000000E+00  0.955498951098709E+01 -0.168354505604315E+02  0.275068097353793E+02
  0.180000000000000E+00  0.938800288597512E+01 -0.165626173917515E+02  0.270610378783422E+02
  0.190000000000000E+00  0.922372242495120E+01 -0.162942057226723E+02  0.266224901432748E+02
  0.200000000000000E+00  0.906210427216623E+01 -0.160301438989342E+02  0.261910494569761E+02
  0.210000000000000E+00  0.890310528259178E+01 -0.157703614274974E+02  0.257666006435184E+02
  0.220000000000000E+00  0.874668301040228E+01 -0.155147889577231E+02  0.253490303935006E+02
  0.230000000000000E+00  0.859279569764379E+01 -0.152633582628604E+02  0.249382272337991E+02
  0.240000000000000E+00  0.844140226308647E+01 -0.150160022218322E+02  0.245340814978097E+02
  0.250000000000000E+00  0.829246229125767E+01 -0.147726548013173E+02  0.241364852961712E+02
  0.260000000000000E+00  0.814593602165270E+01 -0.145332510381218E+02  0.237453324879637E+02
  0.270000000000000E+00  0.800178433812060E+01 -0.142977270218373E+02  0.233605186523734E+02
  0.280000000000000E+00  0.785996875842175E+01 -0.140660198777792E+02  0.229819410608171E+02
  0.290000000000000E+00  0.772045142395479E+01 -0.138380677502021E+02  0.226094986495177E+02
  0.300000000000000E+00  0.758319508965007E+01 -0.136138097857868E+02  0.222430919925250E+02
  0.310000000000000E+00  0.744816311402677E+01 -0.133931861173956E+02  0.218826232751731E+02
  0.320000000000000E+00  0.731531944941126E+01 -0.131761378480895E+02  0.215279962679680E+02
  0.330000000000000E+00  0.718462863231391E+01 -0.129626070354062E+02  0.211791163008987E+02
  0.340000000000000E+00  0.705605577396188E+01 -0.127525366758914E+02  0.208358902381643E+02
  0.350000000000000E+00  0.692956655098537E+01 -0.125458706898816E+02  0.204982264533110E+02
  0.360000000000000E+00  0.680512719625472E+01 -0.123425539065331E+02  0.201660348047714E+02
  0.370000000000000E+00  0.668270448986607E+01 -0.121425320490940E+02  0.198392266118011E+02
  0.380000000000000E+00  0.656226575027312E+01 -0.119457517204143E+02  0.195177146308043E+02
  0.390000000000000E+00  0.644377882556252E+01 -0.117521603886916E+02  0.192014130320441E+02
  0.400000000000000E+00  0.632721208487075E+01 -0.115617063734473E+02  0.188902373767291E+02
  0.410000000000000E+00  0.621253440994003E+01 -0.113743388317298E+02  0.185841045944724E+02
  0.420000000000000E+00  0.609971518681112E+01 -0.111900077445420E+02  0.182829329611152E+02
  0.430000000000000E+00  0.598872429765068E+01 -0.110086639034884E+02  0.179866420769100E+02
  0.440000000000000E+00  0.587953211271117E+01 -0.108302588976384E+02  0.176951528450572E+02
  0.450000000000000E+00  0.577210948242096E+01 -0.106547451006028E+02  0.174083874505901E+02
  0.460000000000000E+00  0.566642772960264E+01 -0.104820756578195E+02  0.171262693396014E+02
  0.470000000000000E+00  0.556245864181753E+01 -0.103122044740457E+02  0.168487231988065E+02
  0.480000000000000E+00  0.546017446383412E+01 -0.101450862010520E+02  0.165756749354386E+02
  0.490000000000000E+00  0.535954789021863E+01 -0.998067622551684E+01  0.163070516574687E+02
  0.500000000000000E+00  0.526055205804569E+01 -0.981893065711628E+01  0.160427816541465E+02
  0.510000000000000E+00  0.516316053972708E+01 -0.965980631680750E+01  0.157827943768574E+02
  0.520000000000000E+00  0.506734733595669E+01 -0.950326072530170E+01  0.155270204202885E+02
  0.530000000000000E+00  0.497308686876987E+01 -0.934925209172407E+01  0.152753915039005E+02
  0.540000000000000E+00  0.488035397471520E+01 -0.919773930245735E+01  0.150278404536998E+02
  0.550000000000000E+00  0.478912389813696E+01 -0.904868191016637E+01  0.147843011843062E+02
  0.560000000000000E+00  0.469937228456644E+01 -0.890204012300030E+01  0.145447086813106E+02
  0.570000000000000E+00  0.461107517422032E+01 -0.875777479396998E+01  0.143089989839191E+02
  0.580000000000000E+00  0.452420899560452E+01 -0.861584741049738E+01  0.140771091678783E+02
  0.590000000000000E+00  0.443875055922157E+01 -0.847622008413441E+01  0.138489773286775E+02
  0.600000000000000E+00  0.435467705138003E+01 -0.833885554044834E+01  0.136245425650223E+02
  0.610000000000000E+00  0.427196602810427E+01 -0.820371710907115E+01  0.134037449625769E+02
  0.620000000000000E+00  0.419059540914284E+01 -0.807076871391014E+01  0.131865255779700E+02
  0.630000000000000E+00  0.411054347207408E+01 -0.793997486351718E+01  0.129728264230586E+02
  0.640000000000000E+00  0.403178884650707E+01 -0.781130064161402E+01  0.127625904494484E+02
  0.650000000000000E+00  0.395431050837678E+01 -0.768471169777118E+01  0.125557615332642E+02
  0.660000000000000E+00  0.387808777433146E+01 -0.756017423823787E+01  0.123522844601669E+02
  0.670000000000000E+00  0.380310029621116E+01 -0.743765501692050E+01  0.121521049106142E+02
  0.680000000000000E+00  0.372932805561560E+01 -0.731712132650748E+01  0.119551694453593E+02
  0.690000000000000E+00  0.365675135856014E+01 -0.719854098973771E+01  0.117614254911851E+02
  0.700000000000000E+00  0.358535083021837E+01 -0.708188235081071E+01  0.115708213268691E+02
  0.710000000000000E+00  0.351510740974983E+01 -0.696711426693587E+01  0.113833060693768E+02
  0.720000000000000E+00  0.344600234521163E+01 -0.685420610001867E+01  0.111988296602772E+02
  0.730000000000000E+00  0.337801718855246E+01 -0.674312770848166E+01  0.110173428523802E+02
  0.740000000000000E+00  0.331113379068781E+01 -0.663384943921795E+01  0.108387971965892E+02
  0.750000000000000E+00  0.324533429665489E+01 -0.652634211967513E+01  0.106631450289677E+02
  0.760000000000000E+00  0.318060114084620E+01 -0.642057705006747E+01  0.104903394580146E+02
  0.770000000000000E+00  0.311691704232020E+01 -0.631652599571429E+01  0.103203343521468E+02
  0.780000000000000E+00  0.305426500018812E+01 -0.621416117950257E+01  0.101530843273836E+02
  0.790000000000000E+00  0.299262828907542E+01 -0.611345527447164E+01  0.998854473523119E+01
  0.800000000000000E+00  0.293199045465684E+01 -0.601438139651808E+01  0.982667165076383E+01
  0.810000000000000E+00  0.287233530926383E+01 -0.591691309721883E+01  0.966742186089740E+01
  0.820000000000000E+00  0.281364692756314E+01 -0.582102435677061E+01  0.951075285285352E+01
  0.830000000000000E+00  0.275590964230544E+01 -0.572668957704374E+01  0.935662280281051E+01
  0.840000000000000E+00  0.269910804014284E+01 -0.563388357474858E+01  0.920499056473820E+01
  0.850000000000000E+00  0.264322695751422E+01 -0.554258157471270E+01  0.905581565941376E+01
  0.860000000000000E+00  0.258825147659718E+01 -0.545275920326693E+01  0.890905826361549E+01
  0.870000000000000E+00  0.253416692132566E+01 -0.536439248173868E+01  0.876467919949175E+01
  0.880000000000000E+00  0.248095885347208E+01 -0.527745782005071E+01  0.862263992410218E+01
  0.890000000000000E+00  0.242861306879290E+01 -0.519193201042353E+01  0.848290251912839E+01
  0.900000000000000E+00  0.237711559323677E+01 -0.510779222117999E+01  0.834542968075146E+01
  0.910000000000000E+00  0.232645267921403E+01 -0.502501599065019E+01  0.821018470969339E+01
  0.920000000000000E+00  0.227661080192671E+01 -0.494358122117518E+01  0.807713150142000E+01
  0.930000000000000E+00  0.222757665575798E+01 -0.486346617320789E+01  0.794623453650262E+01
  0.940000000000000E+00  0.217933715072016E+01 -0.478464945950955E+01  0.781745887113589E+01
  0.950000000000000E+00  0.213187940896024E+01 -0.470711003944027E+01  0.769077012780935E+01
  0.960000000000000E+00  0.208519076132206E+01 -0.463082721334210E+01  0.756613448613005E+01
  0.970000000000000E+00  0.203925874396417E+01 -0.455578061701310E+01  0.744351867379407E+01
  0.980000000000000E+00  0.199407109503258E+01 -0.448195021627100E+01  0.732288995770418E+01
  0.990000000000000E+00  0.194961575138732E+01 -0.440931630160494E+01  0.720421613523157E+01
  0.100000000000000E+01  0.190588084538214E+01 -0.433785948291388E+01  0.708746552561912E+01
  0.101000000000000E+01  0.186285470169637E+01 -0.426756068433029E+01  0.697260696152406E+01
  0.102000000000000E+01  0.182052583421806E+01 -0.419840113912772E+01  0.685960978069757E+01
  0.103000000000000E+01  0.177888294297777E+01 -0.413036238471089E+01  0.674844381779934E+01
  0.104000000000000E+01  0.173791491113190E+01 -0.406342625768702E+01  0.663907939634476E+01
  0.105000000000000E+01  0.169761080199503E+01 -0.399757488901693E+01  0.653148732078250E+01
  0.106000000000000E+01  0.165795985612023E+01 -0.393279069924482E+01  0.642563886870066E+01
  0.107000000000000E+01  0.161895148842683E+01 -0.386905639380532E+01  0.632150578315906E+01
  0.108000000000000E+01  0.158057528537462E+01 -0.380635495840660E+01  0.621906026514592E+01
  0.109000000000000E+01  0.154282100218390E+01 -0.374466965448824E+01  0.611827496615670E+01
  0.110000000000000E+01  0.150567856010056E+01 -0.368398401475282E+01  0.601912298089323E+01
  0.111000000000000E+01  0.146913804370551E+01 -0.362428183876986E+01  0.592157784008119E+01
  0.112000000000000E+01  0.143318969826765E+01 -0.356554718865097E+01  0.582561350340394E+01
  0.113000000000000E+01  0.139782392713984E+01 -0.350776438479516E+01  0.573120435255091E+01
  0.114000000000000E+01  0.136303128919698E+01 -0.345091800170306E+01  0.563832518437861E+01
  0.115000000000000E+01  0.132880249631561E+01 -0.339499286385898E+01  0.554695120418246E+01
  0.116000000000000E+01  0.129512841089446E+01 -0.333997404167970E+01  0.545705801907774E+01
  0.117000000000000E+01  0.126200004341504E+01 -0.328584684752892E+01  0.536862163148770E+01
  0.118000000000000E+01  0.122940855004184E+01 -0.323259683179632E+01  0.528161843273725E+01
  0.119000000000000E+01  0.119734523026145E+01 -0.318020977904012E+01  0.519602519675051E+01
  0.120000000000000E+01  0.116580152455986E+01 -0.312867170419217E+01  0.511181907385040E+01
  0.121000000000000E+01  0.113476901213745E+01 -0.307796884882456E+01  0.502897758465883E+01
  0.122000000000000E+01  0.110423940866101E+01 -0.302808767747672E+01  0.494747861409562E+01
  0.123000000000000E+01  0.107420456405218E+01 -0.297901487404201E+01  0.486730040547478E+01
  0.124000000000000E+01  0.104465646031174E+01 -0.293073733821295E+01  0.478842155469641E+01
  0.125000000000000E+01  0.101558720937913E+01 -0.288324218198395E+01  0.471082100453271E+01
  0.126000000000000E+01  0.986989051026702E+00 -0.283651672621081E+01  0.463447803900665E+01
  0.127000000000000E+01  0.958854350788076E+00 -0.279054849722591E+01  0.455937227786167E+01
  0.128000000000000E+01  0.931175597920055E+00 -0.274532522350833E+01  0.448548367112107E+01
  0.129000000000000E+01  0.903945403397590E+00 -0.270083483240782E+01  0.441279249373550E+01
  0.130000000000000E+01  0.877156497941235E+00 -0.265706544692200E+01  0.434127934031728E+01
  0.131000000000000E+01  0.850801730076558E+00 -0.261400538252565E+01  0.427092511995995E+01
  0.132000000000000E+01  0.824874064225013E+00 -0.257164314405149E+01  0.420171105114184E+01
  0.133000000000000E+01  0.799366578825744E+00 -0.252996742262145E+01  0.413361865671226E+01
  0.134000000000000E+01  0.774272464487829E+00 -0.248896709262772E+01  0.406662975895885E+01
  0.135000000000000E+01  0.749585022172468E+00 -0.244863120876265E+01  0.400072647475494E+01
  0.136000000000000E+01  0.725297661404634E+00 -0.240894900309685E+01  0.393589121078555E+01
  0.137000000000000E+01  0.701403898513694E+00 -0.236990988220465E+01  0.387210665885071E+01
  0.138000000000000E+01  0.677897354902561E+00 -0.233150342433607E+01  0.380935579124495E+01
  0.139000000000000E+01  0.654771755344877E+00 -0.229371937663467E+01  0.374762185621161E+01
  0.140000000000000E+01  0.632020926309804E+00 -0.225654765240053E+01  0.368688837347087E+01
  0.141000000000000E+01  0.609638794313963E+00 -0.221997832839748E+01  0.362713912982024E+01
  0.142000000000000E+01  0.587619384300068E+00 -0.218400164220406E+01  0.356835817480631E+01
  0.143000000000000E+01  0.565956818041853E+00 -0.214860798960736E+01  0.351052981646670E+01
  0.144000000000000E+01  0.544645312574839E+00 -0.211378792203914E+01  0.345363861714096E+01
  0.145000000000000E+01  0.523679178652533E+00 -0.207953214405344E+01  0.339766938934942E+01
  0.146000000000000E+01  0.503052819227645E+00 -0.204583151084512E+01  0.334260719173875E+01
  0.147000000000000E+01  0.482760727957924E+00 -0.201267702580859E+01  0.328843732509331E+01
  0.148000000000000E+01  0.462797487736196E+00 -0.198005983813608E+01  0.323514532841106E+01
  0.149000000000000E+01  0.443157769244242E+00 -0.194797124045493E+01  0.318271697504314E+01
  0.150000000000000E+01  0.423836329530091E+00 -0.191640266650302E+01  0.313113826889592E+01
  0.151000000000000E+01  0.404828010608387E+00 -0.188534568884199E+01  0.308039544069471E+01
  0.152000000000000E+01  0.386127738083425E+00 -0.185479201660747E+01  0.303047494430792E+01
  0.153000000000000E+01  0.367730519794514E+00 -0.182473349329579E+01  0.298136345313084E+01
  0.154000000000000E+01  0.349631444483283E+00 -0.179516209458655E+01  0.293304785652803E+01
  0.155000000000000E+01  0.331825680482587E+00 -0.176606992620043E+01  0.288551525633334E+01
  0.156000000000000E+01  0.314308474426667E+00 -0.173744922179183E+01  0.283875296340664E+01
  0.157000000000000E+01  0.297075149982201E+00 -0.170929234087555E+01  0.279274849424642E+01
  0.158000000000000E+01  0.280121106599930E+00 -0.168159176678711E+01  0.274748956765717E+01
  0.159000000000000E+01  0.263441818286515E+00 -0.165434010467615E+01  0.270296410147091E+01
  0.160000000000000E+01  0.247032832396283E+00 -0.162753007953231E+01  0.265916020932170E+01
  0.161000000000000E+01  0.230889768442573E+00 -0.160115453424311E+01  0.261606619747255E+01
  0.162000000000000E+01  0.215008316928334E+00 -0.157520642768334E+01  0.257367056169370E+01
  0.163000000000000E+01  0.199384238195674E+00 -0.154967883283536E+01  0.253196198419144E+01
  0.164000000000000E+01  0.184013361294056E+00 -0.152456493493990E+01  0.249092933058680E+01
  0.165000000000000E+01  0.168891582866840E+00 -0.149985802967681E+01  0.245056164694315E+01
  0.166000000000000E+01  0.154014866055857E+00 -0.147555152137530E+01  0.241084815684194E+01
  0.167000000000000E+01  0.139379239423753E+00 -0.145163892125318E+01  0.237177825850591E+01
  0.168000000000000E+01  0.124980795893776E+00 -0.142811384568463E+01  0.233334152196882E+01
  0.169000000000000E+01  0.110815691706768E+00 -0.140497001449608E+01  0.229552768629118E+01
  0.170000000000000E+01  0.968801453950393E-01 -0.138220124928963E+01  0.225832665682094E+01
  0.171000000000000E+01  0.831704367728850E-01 -0.135980147179371E+01  0.222172850249871E+01
  0.172000000000000E+01  0.696829059434566E-01 -0.133776470224048E+01  0.218572345320660E+01
  0.173000000000000E+01  0.564139523217277E-01 -0.131608505776940E+01  0.215030189715997E+01
  0.174000000000000E+01  0.433600336732944E-01 -0.129475675085688E+01  0.211545437834159E+01
  0.175000000000000E+01  0.305176651687530E-01 -0.127377408777114E+01  0.208117159397718E+01
  0.176000000000000E+01  0.178834184534011E-01 -0.125313146705235E+01  0.204744439205209E+01
  0.177000000000000E+01  0.545392073201623E-02 -0.123282337801718E+01  0.201426376886803E+01
  0.178000000000000E+01 -0.677414613153349E-02 -0.121284439928775E+01  0.198162086663950E+01
  0.179000000000000E+01 -0.188040465000887E-01 -0.119318919734435E+01  0.194950697112913E+01
  0.180000000000000E+01 -0.306152485497049E-01 -0.116424477574957E+01  0.386699067197192E+01
  0.181000000000000E+01 -0.420643460829642E-01 -0.112557466183851E+01  0.386703211023876E+01
  0.182000000000000E+01 -0.531267404051996E-01 -0.108690413354479E+01  0.386707354850559E+01
  0.183000000000000E+01 -0.638024273725845E-01 -0.104823319086840E+01  0.386711498677242E+01
  0.184000000000000E+01 -0.740914071290780E-01 -0.100956306751800E+01  0.386696927053490E+01
  0.185000000000000E+01 -0.839936893358737E-01 -0.970893373355394E+00  0.386696956198648E+01
  0.186000000000000E+01 -0.935092745864709E-01 -0.932223676278272E+00  0.386696985343805E+01
  0.187000000000000E+01 -0.102638162851724E+00 -0.893553976286633E+00  0.386697014488963E+01
  0.188000000000000E+01 -0.111380354165225E+00 -0.854884287110259E+00  0.386696886545240E+01
  0.189000000000000E+01 -0.119735848591903E+00 -0.816214598110098E+00  0.386696893457979E+01
  0.190000000000000E+01 -0.127704646125123E+00 -0.777544908418663E+00  0.386696900370717E+01
  0.191000000000000E+01 -0.135287251077382E+00 -0.739514964470802E+00  0.346698076162841E+01
  0.192000000000000E+01 -0.142507211589357E+00 -0.704293128459196E+00  0.357738644069265E+01
  0.193000000000000E+01 -0.149369433457264E+00 -0.667967235656949E+00  0.368779211975689E+01
  0.194000000000000E+01 -0.155862876113194E+00 -0.630537286064059E+00  0.379819779882113E+01
  0.195000000000000E+01 -0.161988465679379E+00 -0.598376034737254E+00  0.219787667656502E+01
  0.196000000000000E+01 -0.167862332192748E+00 -0.576397267919084E+00  0.219787668706897E+01
  0.197000000000000E+01 -0.173516411037411E+00 -0.554418500995875E+00  0.219787669757293E+01
  0.198000000000000E+01 -0.178950702212316E+00 -0.532439733967626E+00  0.219787670807688E+01
  0.199000000000000E+01 -0.184165205716413E+00 -0.510460966834337E+00  0.219787671858084E+01
  0.200000000000000E+01 -0.189159921548652E+00 -0.488482199596009E+00  0.219787672908479E+01
  0.201000000000000E+01 -0.193934849707983E+00 -0.466503432252642E+00  0.219787673958875E+01
  0.202000000000000E+01 -0.198489990193355E+00 -0.444524664804234E+00  0.219787675009270E+01
  0.203000000000000E+01 -0.202825343003718E+00 -0.422545897250788E+00  0.219787676059666E+01
  0.204000000000000E+01 -0.206940908138021E+00 -0.400567129592301E+00  0.219787677110061E+01
  0.205000000000000E+01 -0.210836685595214E+00 -0.378588361828775E+00  0.219787678160457E+01
  0.206000000000000E+01 -0.214512675374246E+00 -0.356609593960210E+00  0.219787679210852E+01
  0.207000000000000E+01 -0.217968877474068E+00 -0.334630825986605E+00  0.219787680261248E+01
  0.208000000000000E+01 -0.221205291893628E+00 -0.312652057907961E+00  0.219787681311643E+01
  0.209000000000000E+01 -0.224221918631877E+00 -0.290673289724276E+00  0.219787682362039E+01
  0.210000000000000E+01 -0.227021760525759E+00 -0.270983552952207E+00  0.134645246511476E+01
  0.211000000000000E+01 -0.229660242244304E+00 -0.256309671984832E+00  0.158832372836007E+01
  0.212000000000000E+01 -0.232139891590014E+00 -0.239217078385005E+00  0.183019499160536E+01
  0.213000000000000E+01 -0.234436521436563E+00 -0.219705772152725E+00  0.207206625485066E+01
  0.214000000000000E+01 -0.236536914151801E+00 -0.202440670441203E+00  0.128373559120774E+01
  0.215000000000000E+01 -0.238497134075087E+00 -0.189603314059363E+00  0.128373568516017E+01
  0.216000000000000E+01 -0.240328980429856E+00 -0.176765956737999E+00  0.128373577911260E+01
  0.217000000000000E+01 -0.242032453206715E+00 -0.163928598477111E+00  0.128373587306503E+01
  0.218000000000000E+01 -0.243607552423000E+00 -0.151091246822926E+00  0.128373492709323E+01
  0.219000000000000E+01 -0.245054278141524E+00 -0.138253896546765E+00  0.128373512813900E+01
  0.220000000000000E+01 -0.246372630347234E+00 -0.125416544260146E+00  0.128373532918478E+01
  0.221000000000000E+01 -0.247562609020025E+00 -0.112579189963069E+00  0.128373553023056E+01
  0.222000000000000E+01 -0.248635076977239E+00 -0.101996633199763E+00  0.107286715606485E+01
  0.223000000000000E+01 -0.249600170479296E+00 -0.908991199981416E-01  0.114663548425941E+01
  0.224000000000000E+01 -0.250450600432928E+00 -0.790639235145750E-01  0.122040381245396E+01
  0.225000000000000E+01 -0.251179468104329E+00 -0.671675728297544E-01  0.814504505050120E+00
  0.226000000000000E+01 -0.251809546203611E+00 -0.587608066503933E-01  0.866848730822140E+00
  0.227000000000000E+01 -0.252352939429811E+00 -0.498305982133116E-01  0.919192956594162E+00
  0.228000000000000E+01 -0.252804413360352E+00 -0.403769475185101E-01  0.971537182366181E+00
  0.229000000000000E+01 -0.253160071721139E+00 -0.311505218153251E-01  0.807062081111027E+00
  0.230000000000000E+01 -0.253431223658060E+00 -0.230798478513130E-01  0.807072711691430E+00
  0.231000000000000E+01 -0.253621668323812E+00 -0.150090675814965E-01  0.807083342271833E+00
  0.232000000000000E+01 -0.253731404655337E+00 -0.693818100587633E-02  0.807093972852236E+00
  0.233000000000000E+01 -0.253763187050699E+00  0.212472623325359E-03  0.662314790409608E+00
  0.234000000000000E+01 -0.253727191974386E+00  0.706200369501341E-02  0.707591423927971E+00
  0.235000000000000E+01 -0.253620437755681E+00  0.143643011018848E-01  0.752868057446333E+00
  0.236000000000000E+01 -0.253438396731231E+00  0.221193648439401E-01  0.798144690964697E+00
  0.237000000000000E+01 -0.253185386604073E+00  0.281036666649278E-01  0.558791072406552E+00
  0.238000000000000E+01 -0.252875978383509E+00  0.338211774771709E-01  0.584711090042048E+00
  0.239000000000000E+01 -0.252508099053942E+00  0.397978884657687E-01  0.610631107677543E+00
  0.240000000000000E+01 -0.252079160075245E+00  0.460045439727938E-01  0.512774071668713E+00
  0.241000000000000E+01 -0.251593364104899E+00  0.511658327999016E-01  0.519483693752873E+00
  0.242000000000000E+01 -0.251055619765178E+00  0.563942178478512E-01  0.526193315837034E+00
  0.243000000000000E+01 -0.250465256093872E+00  0.616896991166423E-01  0.532902937921194E+00
  0.244000000000000E+01 -0.249822079244621E+00  0.666644988047145E-01  0.384442946777177E+00
  0.245000000000000E+01 -0.249135607846716E+00  0.706902070281141E-01  0.420698697902760E+00
  0.246000000000000E+01 -0.248407066579021E+00  0.750784727627697E-01  0.456954449028344E+00
  0.247000000000000E+01 -0.247632829866423E+00  0.798292960086810E-01  0.493210200153927E+00
  0.248000000000000E+01 -0.246811126417576E+00  0.841345801046753E-01  0.349033827995368E+00
  0.249000000000000E+01 -0.245952195405430E+00  0.876649742944809E-01  0.357045009965762E+00
  0.250000000000000E+01 -0.245057559892288E+00  0.912754803039905E-01  0.365056191936156E+00
  0.251000000000000E+01 -0.244126418759951E+00  0.949660981332040E-01  0.373067373906551E+00
  0.252000000000000E+01 -0.243158727273102E+00  0.985098413642566E-01  0.345222107191934E+00
  0.253000000000000E+01 -0.242156367278331E+00  0.101962205166928E+00  0.345250653342379E+00
  0.254000000000000E+01 -0.241119482218225E+00  0.105414854431104E+00  0.345279199492823E+00
  0.255000000000000E+01 -0.240048069238170E+00  0.108867789156785E+00  0.345307745643268E+00
  0.256000000000000E+01 -0.238947553781400E+00  0.111174485767233E+00  0.235974026085634E+00
  0.257000000000000E+01 -0.237823376701156E+00  0.113724282408258E+00  0.273985302119313E+00
  0.258000000000000E+01 -0.236671801090701E+00  0.116654191809620E+00  0.311996578152991E+00
  0.259000000000000E+01 -0.235489141954275E+00  0.119779475275535E+00  0.201473171795269E+00
  0.260000000000000E+01 -0.234281273234651E+00  0.121794299477267E+00  0.201491668551123E+00
  0.261000000000000E+01 -0.233053255348171E+00  0.123809308646557E+00  0.201510165306976E+00
  0.262000000000000E+01 -0.231805086445161E+00  0.125824502783406E+00  0.201528662062829E+00
  0.263000000000000E+01 -0.230536765120259E+00  0.127839622158962E+00  0.201469176496484E+00
  0.264000000000000E+01 -0.229248295431800E+00  0.129854316337593E+00  0.201469659229778E+00
  0.265000000000000E+01 -0.227939678777417E+00  0.131869015343557E+00  0.201470141963071E+00
  0.266000000000000E+01 -0.226610915108837E+00  0.133883719176855E+00  0.201470624696365E+00
  0.267000000000000E+01 -0.225262004418444E+00  0.135898413341614E+00  0.201468464295258E+00
  0.268000000000000E+01 -0.223892946858987E+00  0.137913098832511E+00  0.201468633884202E+00
  0.269000000000000E+01 -0.222503742436141E+00  0.139927786019298E+00  0.201468803473145E+00
  0.270000000000000E+01 -0.221094391132948E+00  0.141942474901974E+00  0.201468973062089E+00
  0.271000000000000E+01 -0.219665640736196E+00  0.143774469941989E+00  0.180984351516895E+00
  0.272000000000000E+01 -0.218218732691600E+00  0.145618551737337E+00  0.187832007552632E+00
  0.273000000000000E+01 -0.216753041446248E+00  0.147531110093042E+00  0.194679663588370E+00
  0.274000000000000E+01 -0.215267882810051E+00  0.149498774148057E+00  0.461855207815354E-01
  0.275000000000000E+01 -0.213770585792154E+00  0.149960629469056E+00  0.461855434182745E-01
  0.276000000000000E+01 -0.212268670219915E+00  0.150422485016422E+00  0.461855660550136E-01
  0.277000000000000E+01 -0.210762136091071E+00  0.150884340790156E+00  0.461855886917527E-01
  0.278000000000000E+01 -0.209250983403358E+00  0.151346196790257E+00  0.461856113284918E-01
  0.279000000000000E+01 -0.207735212154511E+00  0.151808053016726E+00  0.461856339652309E-01
  0.280000000000000E+01 -0.206214822342269E+00  0.152269909469562E+00  0.461856566019700E-01
  0.281000000000000E+01 -0.204689813964366E+00  0.152731766148765E+00  0.461856792387091E-01
  0.282000000000000E+01 -0.203160187018539E+00  0.153193623054336E+00  0.461857018754482E-01
  0.283000000000000E+01 -0.201625941502524E+00  0.153655480186274E+00  0.461857245121872E-01
  0.284000000000000E+01 -0.200087077414059E+00  0.154117337544580E+00  0.461857471489263E-01
  0.285000000000000E+01 -0.198543594750878E+00  0.154579195129253E+00  0.461857697856654E-01
  0.286000000000000E+01 -0.196995493510719E+00  0.155041052940293E+00  0.461857924224045E-01
  0.287000000000000E+01 -0.195442773691318E+00  0.155502910977701E+00  0.461858150591436E-01
  0.288000000000000E+01 -0.193885435290411E+00  0.155964769241476E+00  0.461858376958827E-01
  0.289000000000000E+01 -0.192323478305734E+00  0.156426627731618E+00  0.461858603326218E-01
  0.290000000000000E+01 -0.190756902735024E+00  0.156888486448128E+00  0.461858829693609E-01
  0.291000000000000E+01 -0.189185708576017E+00  0.157350345391006E+00  0.461859056061000E-01
  0.292000000000000E+01 -0.187609895826449E+00  0.157812204560250E+00  0.461859282428391E-01
  0.293000000000000E+01 -0.186029464484057E+00  0.158274063955862E+00  0.461859508795782E-01
  0.294000000000000E+01 -0.184444414546577E+00  0.158735923577842E+00  0.461859735163173E-01
  0.295000000000000E+01 -0.182854746011746E+00  0.159197783426189E+00  0.461859961530563E-01
  0.296000000000000E+01 -0.181260458877299E+00  0.159659643500903E+00  0.461860187897954E-01
  0.297000000000000E+01 -0.179661921804951E+00  0.159902696660467E+00 -0.167128512725332E-01
  0.298000000000000E+01 -0.178063426406632E+00  0.159826790431015E+00  0.153160538208237E-02
  0.299000000000000E+01 -0.176464777847776E+00  0.159933328768108E+00  0.197760620366972E-01
  0.300000000000000E+01 -0.174864151682715E+00  0.160222311671748E+00  0.380205186913128E-01
  0.301000000000000E+01 -0.173260826957898E+00  0.160284963874517E+00 -0.227685717557690E-01
  0.302000000000000E+01 -0.171659115745327E+00  0.160057278881052E+00 -0.227684269371628E-01
  0.303000000000000E+01 -0.170059681375450E+00  0.159829595335773E+00 -0.227682821185565E-01
  0.304000000000000E+01 -0.168462523833784E+00  0.159601913238681E+00 -0.227681372999503E-01
  0.305000000000000E+01 -0.166867643129306E+00  0.159374226433102E+00 -0.227688229231889E-01
  0.306000000000000E+01 -0.165275039305172E+00  0.159146538488529E+00 -0.227687659913532E-01
  0.307000000000000E+01 -0.163684712357638E+00  0.158918851113275E+00 -0.227687090595175E-01
  0.308000000000000E+01 -0.162096662281009E+00  0.158691164307339E+00 -0.227686521276818E-01
  0.309000000000000E+01 -0.160510889085824E+00  0.158463474754919E+00 -0.227689435517943E-01
  0.310000000000000E+01 -0.158927392784994E+00  0.158235785456916E+00 -0.227689160488555E-01
  0.311000000000000E+01 -0.157346173375769E+00  0.158008096433942E+00 -0.227688885459166E-01
  0.312000000000000E+01 -0.155767230855793E+00  0.157780407316782E+00 -0.227690345366037E-01
  0.313000000000000E+01 -0.154190565234055E+00  0.157552717060691E+00 -0.227690166816126E-01
  0.314000000000000E+01 -0.152616176513984E+00  0.157325026983150E+00 -0.227689988266215E-01
  0.315000000000000E+01 -0.151044064693797E+00  0.157097337084159E+00 -0.227689809716304E-01
  0.316000000000000E+01 -0.149474229772982E+00  0.156869646776789E+00 -0.227690981516338E-01
  0.317000000000000E+01 -0.147906671759823E+00  0.156641955884653E+00 -0.227690802754691E-01
  0.318000000000000E+01 -0.146341390654693E+00  0.156414265171280E+00 -0.227690623993044E-01
  0.319000000000000E+01 -0.144778386455802E+00  0.156186574636667E+00 -0.227690445231397E-01
  0.320000000000000E+01 -0.143218615993305E+00  0.155675759422990E+00 -0.618811553057407E-01
  0.321000000000000E+01 -0.141664743810521E+00  0.155119541765737E+00 -0.493623761448533E-01
  0.322000000000000E+01 -0.140115807865352E+00  0.154688511900093E+00 -0.368435969839663E-01
  0.323000000000000E+01 -0.138570556279881E+00  0.154382669826058E+00 -0.243248178230788E-01
  0.324000000000000E+01 -0.137029695266131E+00  0.153738859275933E+00 -0.701635046121023E-01
  0.325000000000000E+01 -0.135495814387869E+00  0.153037362449981E+00 -0.701358605783434E-01
  0.326000000000000E+01 -0.133968947095664E+00  0.152336142064366E+00 -0.701082165445846E-01
  0.327000000000000E+01 -0.132449090673986E+00  0.151635096167815E+00 -0.701877953436172E-01
  0.328000000000000E+01 -0.130936249101704E+00  0.150933218325735E+00 -0.701877730723602E-01
  0.329000000000000E+01 -0.129430426306729E+00  0.150231340706368E+00 -0.701877508011031E-01
  0.330000000000000E+01 -0.127931622286834E+00  0.149529463309713E+00 -0.701877285298461E-01
  0.331000000000000E+01 -0.126439837040293E+00  0.148827585816919E+00 -0.701878098603395E-01
  0.332000000000000E+01 -0.124955070572557E+00  0.148125707736181E+00 -0.701878062871849E-01
  0.333000000000000E+01 -0.123477322885450E+00  0.147423829691175E+00 -0.701878027140304E-01
  0.334000000000000E+01 -0.122006593978614E+00  0.146721951681900E+00 -0.701877991408758E-01
  0.335000000000000E+01 -0.120542883851960E+00  0.146020073607693E+00 -0.701878149338496E-01
  0.336000000000000E+01 -0.119086192506610E+00  0.145318195464433E+00 -0.701878137181346E-01
  0.337000000000000E+01 -0.117636519942631E+00  0.144616317333330E+00 -0.701878125024196E-01
  0.338000000000000E+01 -0.116193866159903E+00  0.143914439214385E+00 -0.701878112867045E-01
  0.339000000000000E+01 -0.114758231158501E+00  0.143212561054798E+00 -0.701878172849414E-01
  0.340000000000000E+01 -0.113329614938807E+00  0.142510682884758E+00 -0.701878167230412E-01
  0.341000000000000E+01 -0.111908017500787E+00  0.141808804720337E+00 -0.701878161611409E-01
  0.342000000000000E+01 -0.110493438844382E+00  0.141106926561535E+00 -0.701878155992406E-01
  0.343000000000000E+01 -0.109085878969699E+00  0.140405048374928E+00 -0.701878185769549E-01
  0.344000000000000E+01 -0.107685337876873E+00  0.139703170190704E+00 -0.701878182677287E-01
  0.345000000000000E+01 -0.106291815565874E+00  0.139001292009573E+00 -0.701878179585025E-01
  0.346000000000000E+01 -0.104905312036675E+00  0.138299413827748E+00 -0.701878195635715E-01
  0.347000000000000E+01 -0.103525827289373E+00  0.137597535633068E+00 -0.701878193725197E-01
  0.348000000000000E+01 -0.102153361324007E+00  0.136895657440298E+00 -0.701878191814680E-01
  0.349000000000000E+01 -0.100787914140560E+00  0.136193779249438E+00 -0.701878189904162E-01
  0.350000000000000E+01 -0.994294857390230E-01  0.135491901055369E+00 -0.701878200328525E-01
  0.351000000000000E+01 -0.980780761194688E-01  0.134790022855683E+00 -0.701878199044974E-01
  0.352000000000000E+01 -0.967336852819050E-01  0.134088144657279E+00 -0.701878197761424E-01
  0.353000000000000E+01 -0.953963132263189E-01  0.133386266460160E+00 -0.701878196477873E-01
  0.354000000000000E+01 -0.940659599527148E-01  0.132684388258919E+00 -0.701878203753952E-01
  0.355000000000000E+01 -0.927426254611428E-01  0.131982510055625E+00 -0.701878202834366E-01
  0.356000000000000E+01 -0.914263097515992E-01  0.131280631853250E+00 -0.701878201914779E-01
  0.357000000000000E+01 -0.901170128240748E-01  0.130578753651795E+00 -0.701878200995192E-01
  0.358000000000000E+01 -0.888147346785831E-01  0.129876875445929E+00 -0.701878206367080E-01
  0.359000000000000E+01 -0.875194753151545E-01  0.129174997239909E+00 -0.701878205673475E-01
  0.360000000000000E+01 -0.862312347337826E-01  0.128473119034582E+00 -0.701878204979870E-01
  0.361000000000000E+01 -0.849500129344607E-01  0.127771240829568E+00 -0.701878208982906E-01
  0.362000000000000E+01 -0.836758099172090E-01  0.127069362620858E+00 -0.701878208437007E-01
  0.363000000000000E+01 -0.824086256820417E-01  0.126367484412694E+00 -0.701878207891108E-01
  0.364000000000000E+01 -0.811484602289533E-01  0.125665606205076E+00 -0.701878207345209E-01
  0.365000000000000E+01 -0.798953135579401E-01  0.124963727996868E+00 -0.701878210576507E-01
  0.366000000000000E+01 -0.786491856690236E-01  0.124261849786514E+00 -0.701878210131019E-01
  0.367000000000000E+01 -0.774100765622083E-01  0.123559971576606E+00 -0.701878209685532E-01
  0.368000000000000E+01 -0.761779862374900E-01  0.122858093367143E+00 -0.701878209240045E-01
  0.369000000000000E+01 -0.749529146948682E-01  0.122156215156496E+00 -0.701878211933041E-01
  0.370000000000000E+01 -0.737348619343623E-01  0.121454336944751E+00 -0.701878211557834E-01
  0.371000000000000E+01 -0.725238279559719E-01  0.120752458733381E+00 -0.701878211182626E-01
  0.372000000000000E+01 -0.713198127596934E-01  0.120050580522386E+00 -0.701878210807419E-01
  0.373000000000000E+01 -0.701228163455303E-01  0.119348702309786E+00 -0.701878213116019E-01
  0.374000000000000E+01 -0.689328387134975E-01  0.118646824096833E+00 -0.701878212790983E-01
  0.375000000000000E+01 -0.677498798635925E-01  0.117944945884204E+00 -0.701878212465946E-01
  0.376000000000000E+01 -0.665739397958123E-01  0.117243067671901E+00 -0.701878212140910E-01
  0.377000000000000E+01 -0.654050185101642E-01  0.116541189457670E+00 -0.701878214170970E-01
  0.378000000000000E+01 -0.642431160066579E-01  0.115839311243644E+00 -0.701878213882091E-01
  0.379000000000000E+01 -0.630882322852904E-01  0.115137433029906E+00 -0.701878213593213E-01
  0.380000000000000E+01 -0.619403673460592E-01  0.114435554816073E+00 -0.701878215394601E-01
  0.381000000000000E+01 -0.607995211889750E-01  0.113733676600810E+00 -0.701878215131682E-01
  0.382000000000000E+01 -0.596656938140421E-01  0.113031798385810E+00 -0.701878214868763E-01
  0.383000000000000E+01 -0.585388852212579E-01  0.112329920171072E+00 -0.701878214605845E-01
  0.384000000000000E+01 -0.574190954106214E-01  0.111628041955821E+00 -0.701878216268943E-01
  0.385000000000000E+01 -0.563063243821441E-01  0.110926163739674E+00 -0.701878216024206E-01
  0.386000000000000E+01 -0.552005721358271E-01  0.110224285523772E+00 -0.701878215779468E-01
  0.387000000000000E+01 -0.541018386716679E-01  0.109522407308115E+00 -0.701878215534730E-01
  0.388000000000000E+01 -0.530101239896675E-01  0.108820529091572E+00 -0.701878217102345E-01
  0.389000000000000E+01 -0.519254280898369E-01  0.108118650874586E+00 -0.701878216869526E-01
  0.390000000000000E+01 -0.508477509721750E-01  0.107416772657833E+00 -0.701878216636707E-01
  0.391000000000000E+01 -0.497770926366795E-01  0.106714894441313E+00 -0.701878216403888E-01
  0.392000000000000E+01 -0.487134530833542E-01  0.106013016223556E+00 -0.701878217911727E-01
  0.393000000000000E+01 -0.476568323122078E-01  0.105311138005757E+00 -0.701878217685452E-01
  0.394000000000000E+01 -0.466072303232383E-01  0.104609259788185E+00 -0.701878217459177E-01
  0.395000000000000E+01 -0.455646471164434E-01  0.103907381570726E+00 -0.701878218937445E-01
  0.396000000000000E+01 -0.445290826918304E-01  0.103205503351901E+00 -0.701878218712745E-01
  0.397000000000000E+01 -0.435005370494046E-01  0.102503625133301E+00 -0.701878218488045E-01
  0.398000000000000E+01 -0.424790101891637E-01  0.101801746914925E+00 -0.701878218263344E-01
  0.399000000000000E+01 -0.414645021111061E-01  0.101099868696284E+00 -0.701878219749097E-01
  0.400000000000000E+01 -0.404570128152416E-01  0.100397990476648E+00 -0.701878219520971E-01
  0.401000000000000E+01 -0.394565423015723E-01  0.996961122572416E-01 -0.701878219292845E-01
  0.402000000000000E+01 -0.384630905700960E-01  0.989942340380628E-01 -0.701878219064719E-01
  0.403000000000000E+01 -0.374766576208125E-01  0.982923558182215E-01 -0.701878220590163E-01
  0.404000000000000E+01 -0.364972434537329E-01  0.975904775977499E-01 -0.701878220353117E-01
  0.405000000000000E+01 -0.355248480688568E-01  0.968885993775153E-01 -0.701878220116071E-01
  0.406000000000000E+01 -0.345594714661818E-01  0.961867211575178E-01 -0.701878219879025E-01
  0.407000000000000E+01 -0.336011136457105E-01  0.954848429364146E-01 -0.701878221481089E-01
  0.408000000000000E+01 -0.326497746074534E-01  0.947829647150598E-01 -0.701878221228543E-01
  0.409000000000000E+01 -0.317054543514085E-01  0.940810864939576E-01 -0.701878220975996E-01
  0.410000000000000E+01 -0.307681528775734E-01  0.933792082731079E-01 -0.701878220723449E-01
  0.411000000000000E+01 -0.298378701859545E-01  0.926773300506250E-01 -0.701878222447922E-01
  0.412000000000000E+01 -0.289146062765599E-01  0.919754518283153E-01 -0.701878222171342E-01
  0.413000000000000E+01 -0.279983611493872E-01  0.912735736062823E-01 -0.701878221894761E-01
  0.414000000000000E+01 -0.270891348044338E-01  0.905716953841504E-01 -0.701878223838601E-01
  0.415000000000000E+01 -0.261869272417110E-01  0.898698171604681E-01 -0.701878223526078E-01
  0.416000000000000E+01 -0.252917384612233E-01  0.891679389370982E-01 -0.701878223213555E-01
  0.417000000000000E+01 -0.244035684629679E-01  0.884660607140409E-01 -0.701878222901031E-01
  0.418000000000000E+01 -0.235224172469434E-01  0.877641824903011E-01 -0.701878225133153E-01
  0.419000000000000E+01 -0.226482848131655E-01  0.870623042653511E-01 -0.701878224766851E-01
  0.420000000000000E+01 -0.217811711616351E-01  0.863604260407674E-01 -0.701878224400549E-01
  0.421000000000000E+01 -0.209210762923489E-01  0.856585478165500E-01 -0.701878224034247E-01
  0.422000000000000E+01 -0.200680002053087E-01  0.849566695908351E-01 -0.701878226698435E-01
  0.423000000000000E+01 -0.192219429005331E-01  0.842547913643611E-01 -0.701878226249581E-01
  0.424000000000000E+01 -0.183829043780199E-01  0.835529131383359E-01 -0.701878225800727E-01
  0.425000000000000E+01 -0.175508846377648E-01  0.828510349127596E-01 -0.701878225351872E-01
  0.426000000000000E+01 -0.167258836797766E-01  0.821491566844424E-01 -0.701878228688386E-01
  0.427000000000000E+01 -0.159079015040746E-01  0.814472784560450E-01 -0.701878228106426E-01
  0.428000000000000E+01 -0.150969381106537E-01  0.807454002282295E-01 -0.701878227524465E-01
  0.429000000000000E+01 -0.142929934995082E-01  0.800435220007270E-01 -0.701878232206782E-01
  0.430000000000000E+01 -0.134960676706606E-01  0.793416437689272E-01 -0.701878231392739E-01
  0.431000000000000E+01 -0.127061606241269E-01  0.786397655379415E-01 -0.701878230578696E-01
  0.432000000000000E+01 -0.119232723598990E-01  0.779378873077698E-01 -0.701878229764653E-01
  0.433000000000000E+01 -0.111474028779717E-01  0.772360090762881E-01 -0.701878236708580E-01
  0.434000000000000E+01 -0.103785521783902E-01  0.765341308402153E-01 -0.701878235437076E-01
  0.435000000000000E+01 -0.961672026116314E-02  0.758322526054140E-01 -0.701878234165573E-01
  0.436000000000000E+01 -0.886190712627766E-02  0.751303743718841E-01 -0.701878232894070E-01
  0.437000000000000E+01 -0.811411277373764E-02  0.744284961329694E-01 -0.701878244874806E-01
  0.438000000000000E+01 -0.737333720362837E-02  0.737266178892842E-01 -0.701878242495683E-01
  0.439000000000000E+01 -0.663958041594406E-02  0.730247396479781E-01 -0.701878240116560E-01
  0.440000000000000E+01 -0.591284241066091E-02  0.723228614090511E-01 -0.701878237737437E-01
  0.441000000000000E+01 -0.519312318783712E-02  0.716209831498321E-01 -0.701878265728652E-01
  0.442000000000000E+01 -0.448042274765676E-02  0.709191048873126E-01 -0.701878259310463E-01
  0.443000000000000E+01 -0.377474109006950E-02  0.702172266312112E-01 -0.701878252892274E-01
  0.444000000000000E+01 -0.307607821501117E-02  0.695153483815280E-01 -0.701878246474085E-01
  0.445000000000000E+01 -0.241835722422560E-02  0.618696686613088E-01 -0.709424990681802E+00
  0.446000000000000E+01 -0.183138856000768E-02  0.558983868961722E-01 -0.484831362345555E+00
  0.447000000000000E+01 -0.129290303202431E-02  0.521730414143979E-01 -0.260237734009308E+00
  0.448000000000000E+01 -0.782449305030458E-03  0.480825053066911E-01 -0.173332589432717E+01
  0.449000000000000E+01 -0.384547319540947E-03  0.318722145050996E-01 -0.150873226599090E+01
  0.450000000000000E+01 -0.137518560650562E-03  0.179078599868722E-01 -0.128413863765465E+01
  0.451000000000000E+01 -0.189036655256366E-04  0.618944175200709E-02 -0.105954500931841E+01
  0.452000000000000E+01  0.000000000000000E+00  0.000000000000000E+00  0.000000000000000E+00
  0.453000000000000E+01  0.000000000000000E+00  0.000000000000000E+00  0.000000000000000E+00
  0.454000000000000E+01  0.000000000000000E+00  0.000000000000000E+00  0.000000000000000E+00
  0.455000000000000E+01  0.000000000000000E+00  0.000000000000000E+00  0.000000000000000E+00
  0.456000000000000E+01  0.000000000000000E+00  0.000000000000000E+00  0.000000000000000E+00
