Merging intervall. N reduced to:  65
2.3899 0.0 -89.30535107013009 4124.247279160096
2.3879 -0.000184109698512474 -89.30535107013009 4124.247279160096
2.3859000000000004 -0.0007584347795387498 -89.30535107013009 4124.247279160096
2.3839000000000006 -0.0017559692213121082 -89.30535107013009 4124.247279160096
2.381900000000001 -0.0032097070020658306 -89.30535107013009 4124.247279160096
2.379900000000001 -0.005152642100033197 -89.30535107013009 4124.247279160096
2.3779000000000012 -0.007617768493447488 -89.30535107013009 4124.247279160096
2.3759000000000015 -0.010638080160541984 -89.30535107013009 4124.247279160096
2.3739000000000017 -0.014246571079549972 -89.30535107013009 4124.247279160096
2.371900000000002 -0.018476235228704722 -89.30535107013009 4124.247279160096
2.369900000000002 -0.02336006658623952 -6.820405486928098 4124.247279160096
2.3679000000000023 -0.028601119348054843 -6.820405486928098 4124.247279160096
2.3659000000000026 -0.03390244771005116 -6.820405486928098 4124.247279160096
2.3639000000000028 -0.03929704565046174 -6.820405486928098 4124.247279160096
2.361900000000003 -0.0448179071475199 -6.820405486928098 4124.247279160096
2.359900000000003 -0.05049802617945887 -6.820405486928098 4124.247279160096
2.3579000000000034 -0.056370396724511974 -6.820405486928098 4124.247279160096
2.3559000000000037 -0.06246801276091246 -6.820405486928098 4124.247279160096
2.353900000000004 -0.06882386826689366 -6.820405486928098 4124.247279160096
2.351900000000004 -0.07547095722068878 -6.820405486928098 4124.247279160096
2.3499000000000043 -0.08244227360053115 -6.820405251211715 1.1785819197029923e-05
2.3479000000000045 -0.08960034249665955 -6.820405251211715 1.1785819197029923e-05
2.3459000000000048 -0.09678569301388709 -6.820405251211715 1.1785819197029923e-05
2.343900000000005 -0.10399832515230803 -6.820405251211715 1.1785819197029923e-05
2.341900000000005 -0.11123823891201667 -6.820405251211715 1.1785819197029923e-05
2.3399000000000054 -0.11850543429310734 -6.820405251211715 1.1785819197029923e-05
2.3379000000000056 -0.12579991129567425 -6.820405251211715 1.1785819197029923e-05
2.335900000000006 -0.13312166991981172 -6.820405251211715 1.1785819197029923e-05
2.333900000000006 -0.14047071016561408 -6.820405251211715 1.1785819197029923e-05
2.3319000000000063 -0.1478470320331756 -6.820405251211715 1.1785819197029923e-05
2.3299000000000065 -0.15525063552259047 -6.820405163835314 4.3688199866664945e-06
2.3279000000000063 -0.16268152063329736 -6.820405163835314 4.3688199866664945e-06
2.325900000000006 -0.1701396873646945 -6.820405163835314 4.3688199866664945e-06
2.323900000000006 -0.17762513571681693 -6.820405163835314 4.3688199866664945e-06
2.3219000000000056 -0.18513786568969953 -6.820405163835314 4.3688199866664945e-06
2.3199000000000054 -0.19267787728337726 -6.820405163835314 4.3688199866664945e-06
2.317900000000005 -0.2002451704978851 -6.820405163835314 4.3688199866664945e-06
2.315900000000005 -0.207839745333258 -6.820405163835314 4.3688199866664945e-06
2.3139000000000047 -0.2154616017895309 -6.820405163835314 4.3688199866664945e-06
2.3119000000000045 -0.22311073986673868 -6.820405163835314 4.3688199866664945e-06
2.3099000000000043 -0.23078715956491644 -6.8204051171377 2.334880718990462e-06
2.3079000000000045 -0.23849086088382782 -6.8204051171377 2.334880718990462e-06
2.3059000000000047 -0.24622184382322643 -6.8204051171377 2.334880718990462e-06
2.303900000000005 -0.2539801083831309 -6.8204051171377 2.334880718990462e-06
2.301900000000005 -0.26176565456356 -6.8204051171377 2.334880718990462e-06
2.2999000000000054 -0.26957848236453236 -6.8204051171377 2.334880718990462e-06
2.2979000000000056 -0.2774185917860667 -6.8204051171377 2.334880718990462e-06
2.295900000000006 -0.28528598282818163 -6.8204051171377 2.334880718990462e-06
2.293900000000006 -0.2931806554908959 -6.8204051171377 2.334880718990462e-06
2.2919000000000063 -0.3011026097742281 -6.8204051171377 2.334880718990462e-06
2.2899000000000065 -0.309051845678197 -6.820405087240901 1.4948399780223554e-06
2.2879000000000063 -0.31702836320266725 -6.820405087240901 1.4948399780223554e-06
2.285900000000006 -0.32503216234749843 -6.820405087240901 1.4948399780223554e-06
2.283900000000006 -0.33306324311270247 -6.820405087240901 1.4948399780223554e-06
2.2819000000000056 -0.3411216054982914 -6.820405087240901 1.4948399780223554e-06
2.2799000000000054 -0.3492072495042771 -6.820405087240901 1.4948399780223554e-06
2.277900000000005 -0.3573201751306716 -6.820405087240901 1.4948399780223554e-06
2.275900000000005 -0.3654603823774868 -6.820405087240901 1.4948399780223554e-06
2.2739000000000047 -0.3736278712447347 -6.820405087240901 1.4948399780223554e-06
2.2719000000000045 -0.3818226417324272 -6.820405087240901 1.4948399780223554e-06
2.2699000000000042 -0.3900446938405763 -6.820405065867637 1.0686632094802917e-06
2.2679000000000045 -0.39829402756909044 -6.820405065867637 1.0686632094802917e-06
2.2659000000000047 -0.4065706429178766 -6.820405065867637 1.0686632094802917e-06
2.263900000000005 -0.41487453988694334 -6.820405065867637 1.0686632094802917e-06
2.261900000000005 -0.4232057184762993 -6.820405065867637 1.0686632094802917e-06
2.2599000000000053 -0.4315641786859528 -6.820405065867637 1.0686632094802917e-06
2.2579000000000056 -0.43994992051591253 -6.820405065867637 1.0686632094802917e-06
2.255900000000006 -0.44836294396618703 -6.820405065867637 1.0686632094802917e-06
2.253900000000006 -0.4568032490367849 -6.820405065867637 1.0686632094802917e-06
2.2519000000000062 -0.4652708357277146 -6.820405065867637 1.0686632094802917e-06
2.2499000000000065 -0.4737657040389847 -6.820405049382877 8.242379294642888e-07
2.2479000000000062 -0.4822878539705281 -6.820405049382877 8.242379294642888e-07
2.245900000000006 -0.4908372855222756 -6.820405049382877 8.242379294642888e-07
2.243900000000006 -0.4994139986942339 -6.820405049382877 8.242379294642888e-07
2.2419000000000056 -0.5080179934864095 -6.820405049382877 8.242379294642888e-07
2.2399000000000053 -0.516649269898809 -6.820405049382877 8.242379294642888e-07
2.237900000000005 -0.5253078279314389 -6.820405049382877 8.242379294642888e-07
2.235900000000005 -0.533993667584306 -6.820405049382877 8.242379294642888e-07
2.2339000000000047 -0.5427067888574167 -6.820405049382877 8.242379294642888e-07
2.2319000000000044 -0.5514471917507778 -6.820405049382877 8.242379294642888e-07
2.229900000000004 -0.5602148762643958 -6.820405035929952 6.72646251587139e-07
2.2279000000000044 -0.5690098423982167 -6.820405035929952 6.72646251587139e-07
2.2259000000000047 -0.5778320901521868 -6.820405035929952 6.72646251587139e-07
2.223900000000005 -0.5866816195263113 -6.820405035929952 6.72646251587139e-07
2.221900000000005 -0.5955584305205956 -6.820405035929952 6.72646251587139e-07
2.2199000000000053 -0.6044625231350453 -6.820405035929952 6.72646251587139e-07
2.2179000000000055 -0.6133938973696655 -6.820405035929952 6.72646251587139e-07
2.2159000000000058 -0.6223525532244617 -6.820405035929952 6.72646251587139e-07
2.213900000000006 -0.6313384906994394 -6.820405035929952 6.72646251587139e-07
2.211900000000006 -0.6403517097946038 -6.820405035929952 6.72646251587139e-07
2.2099000000000064 -0.6493922105099604 -6.820405024452127 5.738913273489743e-07
2.207900000000006 -0.658459992845465 -6.820405024452127 5.738913273489743e-07
2.205900000000006 -0.6675550568010717 -6.820405024452127 5.738913273489743e-07
2.2039000000000057 -0.6766774023767858 -6.820405024452127 5.738913273489743e-07
2.2019000000000055 -0.6858270295726112 -6.820405024452127 5.738913273489743e-07
2.1999000000000053 -0.6950039383885529 -6.820405024452127 5.738913273489743e-07
2.197900000000005 -0.7042081288246153 -6.820405024452127 5.738913273489743e-07
2.195900000000005 -0.7134396008808029 -6.820405024452127 5.738913273489743e-07
2.1939000000000046 -0.7226983545571207 -6.820405024452127 5.738913273489743e-07
2.1919000000000044 -0.7319843898535728 -6.820405024452127 5.738913273489743e-07
2.189900000000004 -0.7412977067701644 -6.820405014294332 5.078896947452449e-07
2.1879000000000044 -0.7506383053068557 -6.820405014294332 5.078896947452449e-07
2.1859000000000046 -0.7600061854636083 -6.820405014294332 5.078896947452449e-07
2.183900000000005 -0.7694013472404262 -6.820405014294332 5.078896947452449e-07
2.181900000000005 -0.7788237906373133 -6.820405014294332 5.078896947452449e-07
2.1799000000000053 -0.788273515654274 -6.820405014294332 5.078896947452449e-07
2.1779000000000055 -0.7977505222913123 -6.820405014294332 5.078896947452449e-07
2.1759000000000057 -0.807254810548432 -6.820405014294332 5.078896947452449e-07
2.173900000000006 -0.8167863804256372 -6.820405014294332 5.078896947452449e-07
2.171900000000006 -0.8263452319229323 -6.820405014294332 5.078896947452449e-07
2.1699000000000064 -0.835931365040321 -6.82040500501923 4.637551000996609e-07
2.167900000000006 -0.845544779777769 -6.82040500501923 4.637551000996609e-07
2.165900000000006 -0.855185476135241 -6.82040500501923 4.637551000996609e-07
2.1639000000000057 -0.8648534541127402 -6.82040500501923 4.637551000996609e-07
2.1619000000000055 -0.8745487137102708 -6.82040500501923 4.637551000996609e-07
2.1599000000000053 -0.8842712549278362 -6.82040500501923 4.637551000996609e-07
2.157900000000005 -0.8940210777654404 -6.82040500501923 4.637551000996609e-07
2.155900000000005 -0.9037981822230868 -6.82040500501923 4.637551000996609e-07
2.1539000000000046 -0.9136025683007793 -6.82040500501923 4.637551000996609e-07
2.1519000000000044 -0.9234342359985215 -6.82040500501923 4.637551000996609e-07
2.149900000000004 -0.9332931853163173 -6.820404996313415 4.352907581051113e-07
2.1479000000000044 -0.9431794162541338 -6.820404996313415 4.352907581051113e-07
2.1459000000000046 -0.9530929288119391 -6.820404996313415 4.352907581051113e-07
2.143900000000005 -0.9630337229897364 -6.820404996313415 4.352907581051113e-07
2.141900000000005 -0.9730017987875296 -6.820404996313415 4.352907581051113e-07
2.1399000000000052 -0.9829971562053217 -6.820404996313415 4.352907581051113e-07
2.1379000000000055 -0.9930197952431167 -6.820404996313415 4.352907581051113e-07
2.1359000000000057 -1.0030697159009179 -6.820404996313415 4.352907581051113e-07
2.133900000000006 -1.0131469181787287 -6.820404996313415 4.352907581051113e-07
2.131900000000006 -1.0232514020765524 -6.820404996313415 4.352907581051113e-07
2.1299000000000063 -1.0333831675943927 -6.8204049879351984 4.1891081536959973e-07
2.127900000000006 -1.0435422147322195 -6.8204049879351984 4.1891081536959973e-07
2.125900000000006 -1.0537285434900012 -6.8204049879351984 4.1891081536959973e-07
2.1239000000000057 -1.0639421538677416 -6.8204049879351984 4.1891081536959973e-07
2.1219000000000054 -1.0741830458654438 -6.8204049879351984 4.1891081536959973e-07
2.1199000000000052 -1.0844512194831109 -6.8204049879351984 4.1891081536959973e-07
2.117900000000005 -1.0947466747207466 -6.8204049879351984 4.1891081536959973e-07
2.1159000000000048 -1.1050694115783546 -6.8204049879351984 4.1891081536959973e-07
2.1139000000000046 -1.1154194300559372 -6.8204049879351984 4.1891081536959973e-07
2.1119000000000043 -1.1257967301534988 -6.8204049879351984 4.1891081536959973e-07
2.109900000000004 -1.136201311871042 -6.820404979682785 4.126206931687193e-07
2.1079000000000043 -1.1466331752085366 -6.820404979682785 4.126206931687193e-07
2.1059000000000045 -1.1570923201659535 -6.820404979682785 4.126206931687193e-07
2.1039000000000048 -1.1675787467432956 -6.820404979682785 4.126206931687193e-07
2.101900000000005 -1.1780924549405665 -6.820404979682785 4.126206931687193e-07
2.099900000000005 -1.1886334447577693 -6.820404979682785 4.126206931687193e-07
2.0979000000000054 -1.1992017161949071 -6.820404979682785 4.126206931687193e-07
2.0959000000000056 -1.2097972692519836 -6.820404979682785 4.126206931687193e-07
2.093900000000006 -1.220420103929002 -6.820404979682785 4.126206931687193e-07
2.091900000000006 -1.2310702202259651 -6.820404979682785 4.126206931687193e-07
2.0899000000000063 -1.2417476181428773 -6.820404971372544 4.155120336690743e-07
2.0879000000000065 -1.252452297679708 -6.820404971372544 4.155120336690743e-07
2.0859000000000067 -1.2631842588364277 -6.820404971372544 4.155120336690743e-07
2.083900000000007 -1.2739435016130394 -6.820404971372544 4.155120336690743e-07
2.081900000000007 -1.2847300260095464 -6.820404971372544 4.155120336690743e-07
2.0799000000000074 -1.2955438320259522 -6.820404971372544 4.155120336690743e-07
2.0779000000000076 -1.3063849196622603 -6.820404971372544 4.155120336690743e-07
2.075900000000008 -1.317253288918474 -6.820404971372544 4.155120336690743e-07
2.073900000000008 -1.328148939794596 -6.820404971372544 4.155120336690743e-07
2.0719000000000083 -1.3390718722906305 -6.820404971372544 4.155120336690743e-07
2.0699000000000085 -1.3500220864065804 -6.8204049628219545 4.275294713806943e-07
2.0679000000000087 -1.3609995821424152 -6.8204049628219545 4.275294713806943e-07
2.065900000000009 -1.3720043594981048 -6.8204049628219545 4.275294713806943e-07
2.063900000000009 -1.383036418473652 -6.8204049628219545 4.275294713806943e-07
2.0619000000000094 -1.3940957590690615 -6.8204049628219545 4.275294713806943e-07
2.0599000000000096 -1.4051823812843356 -6.8204049628219545 4.275294713806943e-07
2.05790000000001 -1.4162962851194782 -6.8204049628219545 4.275294713806943e-07
2.05590000000001 -1.4274374705744926 -6.8204049628219545 4.275294713806943e-07
2.0539000000000103 -1.4386059376493818 -6.8204049628219545 4.275294713806943e-07
2.0519000000000105 -1.4498016863441503 -6.8204049628219545 4.275294713806943e-07
2.0499000000000107 -1.4610247166588004 -6.820404953833644 4.4941555188415805e-07
2.047900000000011 -1.472275028593301 -6.820404953833644 4.4941555188415805e-07
2.045900000000011 -1.483552622147621 -6.820404953833644 4.4941555188415805e-07
2.0439000000000114 -1.494857497321763 -6.820404953833644 4.4941555188415805e-07
2.0419000000000116 -1.5061896541157314 -6.820404953833644 4.4941555188415805e-07
2.039900000000012 -1.5175490925295292 -6.820404953833644 4.4941555188415805e-07
2.037900000000012 -1.5289358125631605 -6.820404953833644 4.4941555188415805e-07
2.0359000000000123 -1.540349814216629 -6.820404953833644 4.4941555188415805e-07
2.0339000000000125 -1.5517910974899376 -6.820404953833644 4.4941555188415805e-07
2.0319000000000127 -1.56325966238309 -6.820404953833644 4.4941555188415805e-07
2.029900000000013 -1.574755508896091 -6.82040494417761 4.828016813007707e-07
2.027900000000013 -1.5862786370289055 -6.82040494417761 4.828016813007707e-07
2.0259000000000134 -1.5978290467815006 -6.82040494417761 4.828016813007707e-07
2.0239000000000136 -1.6094067381538801 -6.82040494417761 4.828016813007707e-07
2.021900000000014 -1.6210117111460483 -6.82040494417761 4.828016813007707e-07
2.019900000000014 -1.632643965758008 -6.82040494417761 4.828016813007707e-07
2.0179000000000142 -1.644303501989764 -6.82040494417761 4.828016813007707e-07
2.0159000000000145 -1.65599031984132 -6.82040494417761 4.828016813007707e-07
2.0139000000000147 -1.6677044193126798 -6.82040494417761 4.828016813007707e-07
2.011900000000015 -1.679445800403847 -6.82040494417761 4.828016813007707e-07
2.009900000000015 -1.6912144631148258 -6.820404933568167 5.304721639731724e-07
2.0079000000000153 -1.7030104074455794 -6.820404933568167 5.304721639731724e-07
2.0059000000000156 -1.7148336333960716 -6.820404933568167 5.304721639731724e-07
2.003900000000016 -1.7266841409663065 -6.820404933568167 5.304721639731724e-07
2.001900000000016 -1.7385619301562885 -6.820404933568167 5.304721639731724e-07
1.999900000000016 -1.7504670009660217 -6.820404933568167 5.304721639731724e-07
1.997900000000016 -1.7623993533955102 -6.820404933568167 5.304721639731724e-07
1.995900000000016 -1.7743589874447587 -6.820404933568167 5.304721639731724e-07
1.993900000000016 -1.7863459031137712 -6.820404933568167 5.304721639731724e-07
1.991900000000016 -1.7983601004025516 -6.820404933568167 5.304721639731724e-07
1.989900000000016 -1.8104015793111048 -6.820404921630783 5.968691993984976e-07
1.987900000000016 -1.8224703398393896 -6.820404921630783 5.968691993984976e-07
1.985900000000016 -1.8345663819873659 -6.820404921630783 5.968691993984976e-07
1.983900000000016 -1.8466897057550378 -6.820404921630783 5.968691993984976e-07
1.981900000000016 -1.8588403111424106 -6.820404921630783 5.968691993984976e-07
1.979900000000016 -1.8710181981494893 -6.820404921630783 5.968691993984976e-07
1.977900000000016 -1.8832233667762783 -6.820404921630783 5.968691993984976e-07
1.975900000000016 -1.8954558170227824 -6.820404921630783 5.968691993984976e-07
1.973900000000016 -1.9077155488890065 -6.820404921630783 5.968691993984976e-07
1.971900000000016 -1.9200025623749555 -6.820404921630783 5.968691993984976e-07
1.969900000000016 -1.9323168574806338 -6.820404907850804 6.889989094815974e-07
1.967900000000016 -1.944658434205995 -6.820404907850804 6.889989094815974e-07
1.965900000000016 -1.9570272925509933 -6.820404907850804 6.889989094815974e-07
1.963900000000016 -1.969423432515634 -6.820404907850804 6.889989094815974e-07
1.961900000000016 -1.9818468540999226 -6.820404907850804 6.889989094815974e-07
1.959900000000016 -1.9942975573038646 -6.820404907850804 6.889989094815974e-07
1.957900000000016 -2.0067755421274653 -6.820404907850804 6.889989094815974e-07
1.955900000000016 -2.019280808570731 -6.820404907850804 6.889989094815974e-07
1.953900000000016 -2.0318133566336667 -6.820404907850804 6.889989094815974e-07
1.951900000000016 -2.0443731863162777 -6.820404907850804 6.889989094815974e-07
1.949900000000016 -2.0569602976185695 -6.820404891489696 8.180554118553118e-07
1.947900000000016 -2.0695746905404877 -6.820404891489696 8.180554118553118e-07
1.945900000000016 -2.0822163650819787 -6.820404891489696 8.180554118553118e-07
1.943900000000016 -2.0948853212430483 -6.820404891489696 8.180554118553118e-07
1.941900000000016 -2.107581559023704 -6.820404891489696 8.180554118553118e-07
1.939900000000016 -2.120305078423952 -6.820404891489696 8.180554118553118e-07
1.937900000000016 -2.1330558794437984 -6.820404891489696 8.180554118553118e-07
1.935900000000016 -2.1458339620832496 -6.820404891489696 8.180554118553118e-07
1.933900000000016 -2.158639326342313 -6.820404891489696 8.180554118553118e-07
1.931900000000016 -2.1714719722209948 -6.820404891489696 8.180554118553118e-07
1.929900000000016 -2.1843318997193015 -6.820404871440852 1.0024422181231785e-06
1.927900000000016 -2.197219108837167 -6.820404871440852 1.0024422181231785e-06
1.925900000000016 -2.210133599574526 -6.820404871440852 1.0024422181231785e-06
1.923900000000016 -2.2230753719313867 -6.820404871440852 1.0024422181231785e-06
1.921900000000016 -2.236044425907758 -6.820404871440852 1.0024422181231785e-06
1.919900000000016 -2.249040761503646 -6.820404871440852 1.0024422181231785e-06
1.917900000000016 -2.2620643787190606 -6.820404871440852 1.0024422181231785e-06
1.915900000000016 -2.2751152775540087 -6.820404871440852 1.0024422181231785e-06
1.913900000000016 -2.2881934580084993 -6.820404871440852 1.0024422181231785e-06
1.911900000000016 -2.301298920082539 -6.820404871440852 1.0024422181231785e-06
1.909900000000016 -2.3144316637761375 -6.820404845967296 1.2736778103317192e-06
1.907900000000016 -2.327591689089211 -6.820404845967296 1.2736778103317192e-06
1.905900000000016 -2.3407789960216783 -6.820404845967296 1.2736778103317192e-06
1.903900000000016 -2.3539935845735496 -6.820404845967296 1.2736778103317192e-06
1.901900000000016 -2.3672354547448364 -6.820404845967296 1.2736778103317192e-06
1.899900000000016 -2.380504606535547 -6.820404845967296 1.2736778103317192e-06
1.897900000000016 -2.3938010399456924 -6.820404845967296 1.2736778103317192e-06
1.895900000000016 -2.407124754975283 -6.820404845967296 1.2736778103317192e-06
1.893900000000016 -2.4204757516243287 -6.820404845967296 1.2736778103317192e-06
1.891900000000016 -2.43385402989284 -6.820404845967296 1.2736778103317192e-06
1.889900000000016 -2.4472595897808267 -6.820404812194272 1.6886511957636685e-06
1.887900000000016 -2.4606924312881815 -6.820404812194272 1.6886511957636685e-06
1.885900000000016 -2.474152554414798 -6.820404812194272 1.6886511957636685e-06
1.883900000000016 -2.4876399591606906 -6.820404812194272 1.6886511957636685e-06
1.881900000000016 -2.5011546455258724 -6.820404812194272 1.6886511957636685e-06
1.879900000000016 -2.5146966135103574 -6.820404812194272 1.6886511957636685e-06
1.877900000000016 -2.5282658631141586 -6.820404812194272 1.6886511957636685e-06
1.8759000000000159 -2.541862394337289 -6.820404812194272 1.6886511957636685e-06
1.8739000000000159 -2.5554862071797637 -6.820404812194272 1.6886511957636685e-06
1.8719000000000159 -2.569137301641595 -6.820404812194272 1.6886511957636685e-06
1.8699000000000159 -2.582815677722796 -6.8204047650542 2.3570036091768998e-06
1.8679000000000159 -2.5965213354232204 -6.8204047650542 2.3570036091768998e-06
1.8659000000000159 -2.6102542747427244 -6.8204047650542 2.3570036091768998e-06
1.8639000000000159 -2.6240144956813256 -6.8204047650542 2.3570036091768998e-06
1.8619000000000159 -2.637801998239044 -6.8204047650542 2.3570036091768998e-06
1.8599000000000159 -2.6516167824158976 -6.8204047650542 2.3570036091768998e-06
1.8579000000000159 -2.665458848211906 -6.8204047650542 2.3570036091768998e-06
1.8559000000000159 -2.679328195627087 -6.8204047650542 2.3570036091768998e-06
1.8539000000000159 -2.693224824661461 -6.8204047650542 2.3570036091768998e-06
1.8519000000000159 -2.7071487353150463 -6.8204047650542 2.3570036091768998e-06
1.8499000000000159 -2.721099927587861 -6.820404694887951 3.5083124885204597e-06
1.8479000000000159 -2.7350784014796914 -6.820404694887951 3.5083124885204597e-06
1.8459000000000159 -2.7490841569903295 -6.820404694887951 3.5083124885204597e-06
1.8439000000000159 -2.7631171941198036 -6.820404694887951 3.5083124885204597e-06
1.8419000000000159 -2.7771775128681413 -6.820404694887951 3.5083124885204597e-06
1.8399000000000159 -2.7912651132353705 -6.820404694887951 3.5083124885204597e-06
1.8379000000000159 -2.8053799952215197 -6.820404694887951 3.5083124885204597e-06
1.8359000000000159 -2.819522158826617 -6.820404694887951 3.5083124885204597e-06
1.8339000000000159 -2.8336916040506903 -6.820404694887951 3.5083124885204597e-06
1.8319000000000158 -2.8478883308937677 -6.820404694887951 3.5083124885204597e-06
1.8299000000000158 -2.8621123393558774 -6.820404581320594 5.678367813288787e-06
1.8279000000000158 -2.8763636294366823 -6.820404581320594 5.678367813288787e-06
1.8259000000000158 -2.8906422011358583 -6.820404581320594 5.678367813288787e-06
1.8239000000000158 -2.9049480544534503 -6.820404581320594 5.678367813288787e-06
1.8219000000000158 -2.919281189389504 -6.820404581320594 5.678367813288787e-06
1.8199000000000158 -2.9336416059440644 -6.820404581320594 5.678367813288787e-06
1.8179000000000158 -2.9480293041171777 -6.820404581320594 5.678367813288787e-06
1.8159000000000158 -2.9624442839088885 -6.820404581320594 5.678367813288787e-06
1.8139000000000158 -2.9768865453192426 -6.820404581320594 5.678367813288787e-06
1.8119000000000158 -2.9913560883482853 -6.820404581320594 5.678367813288787e-06
1.8099000000000158 -3.0058529129960623 -6.8204043749553716 1.0318261104202975e-05
1.8079000000000158 -3.020377019261985 -6.8204043749553716 1.0318261104202975e-05
1.8059000000000158 -3.03492840714549 -6.8204043749553716 1.0318261104202975e-05
1.8039000000000158 -3.04950707664666 -6.8204043749553716 1.0318261104202975e-05
1.8019000000000158 -3.064113027765578 -6.8204043749553716 1.0318261104202975e-05
1.7999000000000158 -3.0787462605023252 -6.8204043749553716 1.0318261104202975e-05
1.7979000000000158 -3.0934067748569856 -6.8204043749553716 1.0318261104202975e-05
1.7959000000000158 -3.108094570829641 -6.8204043749553716 1.0318261104202975e-05
1.7939000000000158 -3.1228096484203736 -6.8204043749553716 1.0318261104202975e-05
1.7919000000000158 -3.1375520076292664 -6.8204043749553716 1.0318261104202975e-05
1.7899000000000158 -3.152321648456402 -6.820403928468132 2.232436196436538e-05
1.7879000000000158 -3.1671185709005734 -6.820403928468132 2.232436196436538e-05
1.7859000000000158 -3.181942774960637 -6.820403928468132 2.232436196436538e-05
1.7839000000000158 -3.196794260636772 -6.820403928468132 2.232436196436538e-05
1.7819000000000158 -3.211673027929156 -6.820403928468132 2.232436196436538e-05
1.7799000000000158 -3.2265790768379685 -6.820403928468132 2.232436196436538e-05
1.7779000000000158 -3.2415124073633885 -6.820403928468132 2.232436196436538e-05
1.7759000000000158 -3.2564730195055924 -6.820403928468132 2.232436196436538e-05
1.7739000000000158 -3.271460913264762 -6.820403928468132 2.232436196436538e-05
1.7719000000000158 -3.286476088641073 -6.820403928468132 2.232436196436538e-05
1.7699000000000158 -3.3015185456347065 -6.820402616180407 6.561438624430593e-05
1.7679000000000158 -3.3165882842423797 -6.820402616180407 6.561438624430593e-05
1.7659000000000158 -3.331685304461042 -6.820402616180407 6.561438624430593e-05
1.7639000000000158 -3.3468096062912194 -6.820402616180407 6.561438624430593e-05
1.7619000000000158 -3.3619611897334356 -6.820402616180407 6.561438624430593e-05
1.7599000000000158 -3.377140054788217 -6.820402616180407 6.561438624430593e-05
1.7579000000000158 -3.3923462014560872 -6.820402616180407 6.561438624430593e-05
1.7559000000000158 -3.4075796297375716 -6.820402616180407 6.561438624430593e-05
1.7539000000000158 -3.4228403396331952 -6.820402616180407 6.561438624430593e-05
1.7519000000000158 -3.4381283311434823 -6.820402616180407 6.561438624430593e-05
1.7499000000000158 -3.4534436042689594 -6.820394436770161 0.0004089705122964915
1.7479000000000158 -3.4687861589916245 -6.820394436770161 0.0004089705122964915
1.7459000000000158 -3.484155995295308 -6.820394436770161 0.0004089705122964915
1.7439000000000158 -3.4995531131832824 -6.820394436770161 0.0004089705122964915
1.7419000000000158 -3.514977512658819 -6.820394436770161 0.0004089705122964915
1.7399000000000158 -3.5304291937251904 -6.820394436770161 0.0004089705122964915
1.7379000000000158 -3.5459081563856665 -6.820394436770161 0.0004089705122964915
1.7359000000000158 -3.561414400643521 -6.820394436770161 0.0004089705122964915
1.7339000000000158 -3.576947926502025 -6.820394436770161 0.0004089705122964915
1.7319000000000158 -3.59250873396445 -6.820394436770161 0.0004089705122964915
1.7299000000000158 -3.6080968230340686 -6.810241804047716 0.5076316361222553
1.7279000000000158 -3.623712174068824 -6.810241804047716 0.5076316361222553
1.7259000000000158 -3.639354770131849 -6.810241804047716 0.5076316361222553
1.7239000000000158 -3.6550246152841956 -6.810241804047716 0.5076316361222553
1.7219000000000158 -3.670721713586918 -6.810241804047716 0.5076316361222553
1.7199000000000157 -3.686446069101069 -6.810241804047716 0.5076316361222553
1.7179000000000157 -3.7021976858877017 -6.810241804047716 0.5076316361222553
1.7159000000000157 -3.7179765680078694 -6.810241804047716 0.5076316361222553
1.7139000000000157 -3.7337827195226243 -6.810241804047716 0.5076316361222553
1.7119000000000157 -3.7496161444930207 -6.810241804047716 0.5076316361222553
1.7099000000000157 -3.7654768469801105 -2.21255652907667 229.88426374855206
1.7079000000000157 -3.7813559212046415 -2.21255652907667 229.88426374855206
1.7059000000000157 -3.7972456847293996 -2.21255652907667 229.88426374855206
1.7039000000000157 -3.813147976628493 -2.21255652907667 229.88426374855206
1.7019000000000157 -3.8290646359760334 -2.21255652907667 229.88426374855206
1.6999000000000157 -3.8449975018461293 -2.21255652907667 229.88426374855206
1.6979000000000157 -3.8609484133128924 -2.21255652907667 229.88426374855206
1.6959000000000157 -3.876919209450431 -2.21255652907667 229.88426374855206
1.6939000000000157 -3.8929117293328566 -2.21255652907667 229.88426374855206
1.6919000000000157 -3.9089278120342774 -2.21255652907667 229.88426374855206
1.6899000000000157 -3.9249692966288054 -2.2125499638215276 0.00032826275713659925
1.6879000000000157 -3.941028520294955 -2.2125499638215276 0.00032826275713659925
1.6859000000000157 -3.9570965941635854 -2.2125499638215276 0.00032826275713659925
1.6839000000000157 -3.9731735182373233 -2.2125499638215276 0.00032826275713659925
1.6819000000000157 -3.9892592925187955 -2.2125499638215276 0.00032826275713659925
1.6799000000000157 -4.005353917010628 -2.2125499638215276 0.00032826275713659925
1.6779000000000157 -4.021457391715444 -2.2125499638215276 0.00032826275713659925
1.6759000000000157 -4.037569716635873 -2.2125499638215276 0.00032826275713659925
1.6739000000000157 -4.053690891774539 -2.2125499638215276 0.00032826275713659925
1.6719000000000157 -4.069820917134072 -2.2125499638215276 0.00032826275713659925
1.6699000000000157 -4.085959792717093 -2.2125434063426637 0.000327873943192003
1.6679000000000157 -4.102107518499984 -2.2125434063426637 0.000327873943192003
1.6659000000000157 -4.118264094459125 -2.2125434063426637 0.000327873943192003
1.6639000000000157 -4.134429520597136 -2.2125434063426637 0.000327873943192003
1.6619000000000157 -4.150603796916641 -2.2125434063426637 0.000327873943192003
1.6599000000000157 -4.166786923420264 -2.2125434063426637 0.000327873943192003
1.6579000000000157 -4.182978900110627 -2.2125434063426637 0.000327873943192003
1.6559000000000157 -4.199179726990353 -2.2125434063426637 0.000327873943192003
1.6539000000000157 -4.215389404062067 -2.2125434063426637 0.000327873943192003
1.6519000000000157 -4.231607931328389 -2.2125434063426637 0.000327873943192003
1.6499000000000157 -4.247835308791943 -2.212533305528876 0.0005050406893758463
1.6479000000000157 -4.264071536422272 -2.212533305528876 0.0005050406893758463
1.6459000000000157 -4.280316614189865 -2.212533305528876 0.0005050406893758463
1.6439000000000157 -4.29657054209876 -2.212533305528876 0.0005050406893758463
1.6419000000000157 -4.312833320152999 -2.212533305528876 0.0005050406893758463
1.6399000000000157 -4.329104948356619 -2.212533305528876 0.0005050406893758463
1.6379000000000157 -4.345385426713665 -2.212533305528876 0.0005050406893758463
1.6359000000000157 -4.361674755228173 -2.212533305528876 0.0005050406893758463
1.6339000000000157 -4.3779729339041875 -2.212533305528876 0.0005050406893758463
1.6319000000000157 -4.394279962745745 -2.212533305528876 0.0005050406893758463
1.6299000000000157 -4.410595841756889 -2.212512396568087 0.0010454480394486154
1.6279000000000157 -4.426920570880358 -2.212512396568087 0.0010454480394486154
1.6259000000000157 -4.443254150061778 -2.212512396568087 0.0010454480394486154
1.6239000000000157 -4.459596579309511 -2.212512396568087 0.0010454480394486154
1.6219000000000157 -4.475947858631921 -2.212512396568087 0.0010454480394486154
1.6199000000000157 -4.492307988037371 -2.212512396568087 0.0010454480394486154
1.6179000000000157 -4.508676967534226 -2.212512396568087 0.0010454480394486154
1.6159000000000157 -4.525054797130848 -2.212512396568087 0.0010454480394486154
1.6139000000000157 -4.541441476835603 -2.212512396568087 0.0010454480394486154
1.6119000000000157 -4.557837006656852 -2.212512396568087 0.0010454480394486154
1.6099000000000157 -4.574241386602959 -2.212459210042074 0.002659326300658904
1.6079000000000157 -4.590654616536249 -2.212459210042074 0.002659326300658904
1.6059000000000156 -4.607076696327654 -2.212459210042074 0.002659326300658904
1.6039000000000156 -4.6235076259984496 -2.212459210042074 0.002659326300658904
1.6019000000000156 -4.639947405569908 -2.212459210042074 0.002659326300658904
1.5999000000000156 -4.656396035063305 -2.212459210042074 0.002659326300658904
1.5979000000000156 -4.672853514499916 -2.212459210042074 0.002659326300658904
1.5959000000000156 -4.689319843901014 -2.212459210042074 0.002659326300658904
1.5939000000000156 -4.705795023287874 -2.212459210042074 0.002659326300658904
1.5919000000000156 -4.722279052681772 -2.212459210042074 0.002659326300658904
1.5899000000000156 -4.738771932103982 4.488055962623304 335.0257586332686
1.5879000000000156 -4.755260707136525 4.488055962623304 335.0257586332686
1.5859000000000156 -4.771734210151287 4.488055962623304 335.0257586332686
1.5839000000000156 -4.788195121354336 4.488055962623304 335.0257586332686
1.5819000000000156 -4.804646120951742 4.488055962623304 335.0257586332686
1.5799000000000156 -4.821089889149574 4.488055962623304 335.0257586332686
1.5779000000000156 -4.8375291061539 4.488055962623304 335.0257586332686
1.5759000000000156 -4.853966452170791 4.488055962623304 335.0257586332686
1.5739000000000156 -4.870404607406314 4.488055962623304 335.0257586332686
1.5719000000000156 -4.886846252066539 4.488055962623304 335.0257586332686
1.5699000000000156 -4.903294066357536 4.488064276261611 0.00041568191537066923
1.5579000000000156 -5.001681680899793 4.488064276261611 0.00041568191537066923
1.5459000000000156 -5.099423014904565 4.488064276261611 0.00041568191537066923
1.5339000000000156 -5.196518069090153 4.488064276261611 0.00041568191537066923
1.5219000000000156 -5.292966844174854 4.488064276261611 0.00041568191537066923
1.5099000000000156 -5.3887693408769675 4.488064276261611 0.00041568191537066923
1.4979000000000156 -5.483925559914792 4.488064276261611 0.00041568191537066923
1.4859000000000155 -5.578435502006623 4.488064276261611 0.00041568191537066923
1.4739000000000155 -5.6722991678707615 4.488064276261611 0.00041568191537066923
1.4619000000000155 -5.765516558225505 4.488064276261611 0.00041568191537066923
1.4499000000000155 -5.858087673789152 19.577411369438884 125.74455910981052
1.4479000000000155 -5.873423349693748 19.577411369438884 125.74455910981052
1.4459000000000155 -5.888681721909337 19.577411369438884 125.74455910981052
1.4439000000000155 -5.903863796392396 19.577411369438884 125.74455910981052
1.4419000000000155 -5.918970579099395 19.577411369438884 125.74455910981052
1.4399000000000155 -5.934003075986808 19.577411369438884 125.74455910981052
1.4379000000000155 -5.948962293011108 19.577411369438884 125.74455910981052
1.4359000000000155 -5.963849236128766 19.577411369438884 125.74455910981052
1.4339000000000155 -5.978664911296258 19.577411369438884 125.74455910981052
1.4319000000000155 -5.993410324470054 19.577411369438884 125.74455910981052
1.4299000000000155 -6.00808648160663 19.577473653195113 0.0031141878114340216
1.4279000000000155 -6.022689191100263 19.577473653195113 0.0031141878114340216
1.4259000000000155 -6.037213590724199 19.577473653195113 0.0031141878114340216
1.4239000000000155 -6.051659680503348 19.577473653195113 0.0031141878114340216
1.4219000000000155 -6.0660274604626245 19.577473653195113 0.0031141878114340216
1.4199000000000155 -6.0803169306269425 19.577473653195113 0.0031141878114340216
1.4179000000000155 -6.094528091021216 19.577473653195113 0.0031141878114340216
1.4159000000000155 -6.108660941670356 19.577473653195113 0.0031141878114340216
1.4139000000000155 -6.122715482599279 19.577473653195113 0.0031141878114340216
1.4119000000000155 -6.136691713832897 19.577473653195113 0.0031141878114340216
1.4099000000000155 -6.150589635396124 19.577650943306793 0.008864505583915161
1.4079000000000155 -6.164409246842392 19.577650943306793 0.008864505583915161
1.4059000000000155 -6.178150547755804 19.577650943306793 0.008864505583915161
1.4039000000000155 -6.191813538207274 19.577650943306793 0.008864505583915161
1.4019000000000155 -6.205398218267718 19.577650943306793 0.008864505583915161
1.3999000000000155 -6.218904588008055 19.577650943306793 0.008864505583915161
1.3979000000000155 -6.232332647499198 19.577650943306793 0.008864505583915161
1.3959000000000155 -6.245682396812063 19.577650943306793 0.008864505583915161
1.3939000000000155 -6.258953836017568 19.577650943306793 0.008864505583915161
1.3919000000000155 -6.272146965186629 19.577650943306793 0.008864505583915161
1.3899000000000155 -6.285261784390159 19.58444411865789 0.339658767554738
1.3879000000000155 -6.298298280199206 19.58444411865789 0.339658767554738
1.3859000000000155 -6.311256440949048 19.58444411865789 0.339658767554738
1.3839000000000155 -6.324136269356956 19.58444411865789 0.339658767554738
1.3819000000000154 -6.3369377681402 19.58444411865789 0.339658767554738
1.3799000000000154 -6.349660940016048 19.58444411865789 0.339658767554738
1.3779000000000154 -6.362305787701774 19.58444411865789 0.339658767554738
1.3759000000000154 -6.374872313914646 19.58444411865789 0.339658767554738
1.3739000000000154 -6.387360521371934 19.58444411865789 0.339658767554738
1.3719000000000154 -6.399770412790909 19.58444411865789 0.339658767554738
1.3699000000000154 -6.41210199088884 33.544582072758686 698.0068977050394
1.3679000000000154 -6.424328254743724 33.544582072758686 698.0068977050394
1.3659000000000154 -6.4364259243254995 33.544582072758686 698.0068977050394
1.3639000000000154 -6.448400583689347 33.544582072758686 698.0068977050394
1.3619000000000154 -6.460257816890448 33.544582072758686 698.0068977050394
1.3599000000000154 -6.472003207983984 33.544582072758686 698.0068977050394
1.3579000000000154 -6.4836423410251385 33.544582072758686 698.0068977050394
1.3559000000000154 -6.4951808000690905 33.544582072758686 698.0068977050394
1.3539000000000154 -6.506624169171023 33.544582072758686 698.0068977050394
1.3519000000000154 -6.517978032386119 33.544582072758686 698.0068977050394
1.3499000000000154 -6.529247973769558 33.55506601962533 0.5241973433321618
1.3479000000000154 -6.540410706155787 33.55506601962533 0.5241973433321618
1.3459000000000154 -6.551439222471515 33.55506601962533 0.5241973433321618
1.3439000000000154 -6.562333526910323 33.55506601962533 0.5241973433321618
1.3419000000000154 -6.573093623665788 33.55506601962533 0.5241973433321618
1.3399000000000154 -6.58371951693149 33.55506601962533 0.5241973433321618
1.3379000000000154 -6.594211210901007 33.55506601962533 0.5241973433321618
1.3359000000000154 -6.604568709767919 33.55506601962533 0.5241973433321618
1.3339000000000154 -6.614792017725803 33.55506601962533 0.5241973433321618
1.3319000000000154 -6.624881138968238 33.55506601962533 0.5241973433321618
1.3299000000000154 -6.634836077688804 36.49727730932314 147.11056448489035
1.3279000000000154 -6.6446511281390945 36.49727730932314 147.11056448489035
1.3259000000000154 -6.654321366364663 36.49727730932314 147.11056448489035
1.3239000000000154 -6.663847969250029 36.49727730932314 147.11056448489035
1.3219000000000154 -6.673232113679703 36.49727730932314 147.11056448489035
1.3199000000000154 -6.682474976538203 36.49727730932314 147.11056448489035
1.3179000000000154 -6.691577734710045 36.49727730932314 147.11056448489035
1.3159000000000154 -6.700541565079747 36.49727730932314 147.11056448489035
1.3139000000000154 -6.709367644531821 36.49727730932314 147.11056448489035
1.3119000000000154 -6.718057149950785 36.49727730932314 147.11056448489035
1.3099000000000154 -6.726611258221156 49.812675795136656 665.7699242906751
1.3079000000000154 -6.734999322553709 49.812675795136656 665.7699242906751
1.3059000000000154 -6.743193462342475 49.812675795136656 665.7699242906751
1.3039000000000154 -6.7511990037468514 49.812675795136656 665.7699242906751
1.3019000000000154 -6.75902127292623 49.812675795136656 665.7699242906751
1.2999000000000154 -6.766665596040004 49.812675795136656 665.7699242906751
1.2979000000000154 -6.774137299247569 49.812675795136656 665.7699242906751
1.2959000000000154 -6.78144170870832 49.812675795136656 665.7699242906751
1.2939000000000154 -6.78858415058165 49.812675795136656 665.7699242906751
1.2919000000000154 -6.7955699510269545 49.812675795136656 665.7699242906751
1.2899000000000154 -6.802404436203628 52.27687220442764 123.20982046455038
1.2879000000000154 -6.809060649667802 52.27687220442764 123.20982046455038
1.2859000000000154 -6.815508741321722 52.27687220442764 123.20982046455038
1.2839000000000154 -6.821749696843951 52.27687220442764 123.20982046455038
1.2819000000000154 -6.827784501913054 52.27687220442764 123.20982046455038
1.2799000000000154 -6.833614142207595 52.27687220442764 123.20982046455038
1.2779000000000154 -6.839239603406136 52.27687220442764 123.20982046455038
1.2759000000000154 -6.844661871187241 52.27687220442764 123.20982046455038
1.2739000000000154 -6.849881931229475 52.27687220442764 123.20982046455038
1.2719000000000154 -6.854900769211401 52.27687220442764 123.20982046455038
1.2699000000000153 -6.8597193708115825 61.79633747161925 475.97326335957996
1.2679000000000153 -6.864315224736488 61.79633747161925 475.97326335957996
1.2659000000000153 -6.868667701097614 61.79633747161925 475.97326335957996
1.2639000000000153 -6.872780607681067 61.79633747161925 475.97326335957996
1.2619000000000153 -6.876657752272954 61.79633747161925 475.97326335957996
1.2599000000000153 -6.880302942659381 61.79633747161925 475.97326335957996
1.2579000000000153 -6.883719986626458 61.79633747161925 475.97326335957996
1.2559000000000153 -6.886912691960289 61.79633747161925 475.97326335957996
1.2539000000000153 -6.889884866446982 61.79633747161925 475.97326335957996
1.2519000000000153 -6.892640317872643 61.79633747161925 475.97326335957996
1.2499000000000153 -6.89518285402338 78.42477292465615 831.4217726518445
1.2479000000000153 -6.897464460815204 78.42477292465615 831.4217726518445
1.2459000000000153 -6.8994390198895115 78.42477292465615 831.4217726518445
1.2439000000000153 -6.901113182620482 78.42477292465615 831.4217726518445
1.2419000000000153 -6.9024936003822965 78.42477292465615 831.4217726518445
1.2399000000000153 -6.903586924549138 78.42477292465615 831.4217726518445
1.2379000000000153 -6.904399806495188 78.42477292465615 831.4217726518445
1.2359000000000153 -6.904938897594626 78.42477292465615 831.4217726518445
1.2339000000000153 -6.905210849221634 78.42477292465615 831.4217726518445
1.2319000000000153 -6.905222312750392 78.42477292465615 831.4217726518445
1.2299000000000153 -6.9049799395550835 78.42867714425738 0.19521098006089233
1.2279000000000153 -6.904456008028461 78.42867714425738 0.19521098006089233
1.2259000000000153 -6.903618363354949 78.42867714425738 0.19521098006089233
1.2239000000000153 -6.902467007096235 78.42867714425738 0.19521098006089233
1.2219000000000153 -6.901001940814009 78.42867714425738 0.19521098006089233
1.2199000000000153 -6.899223166069956 78.42867714425738 0.19521098006089233
1.2179000000000153 -6.897130684425765 78.42867714425738 0.19521098006089233
1.2159000000000153 -6.894724497443125 78.42867714425738 0.19521098006089233
1.2139000000000153 -6.892004606683723 78.42867714425738 0.19521098006089233
1.2119000000000153 -6.888971013709246 78.42867714425738 0.19521098006089233
1.2099000000000153 -6.885623720081383 97.65277823022333 961.205054298297
1.2079000000000153 -6.881925552697667 97.65277823022333 961.205054298297
1.2059000000000153 -6.877844463841465 97.65277823022333 961.205054298297
1.2039000000000153 -6.873388143153211 97.65277823022333 961.205054298297
1.2019000000000153 -6.86856428027334 97.65277823022333 961.205054298297
1.1999000000000153 -6.863380564842284 97.65277823022333 961.205054298297
1.1979000000000153 -6.8578446865004805 97.65277823022333 961.205054298297
1.1959000000000153 -6.851964334888362 97.65277823022333 961.205054298297
1.1939000000000153 -6.845747199646363 97.65277823022333 961.205054298297
1.1919000000000153 -6.83920097041492 97.65277823022333 961.205054298297
1.1899000000000153 -6.832333336834463 124.74516095704762 1354.6191363412127
1.1879000000000153 -6.825059880129913 124.74516095704762 1354.6191363412127
1.1859000000000153 -6.817298279734627 124.74516095704762 1354.6191363412127
1.1839000000000153 -6.809059372601694 124.74516095704762 1354.6191363412127
1.1819000000000153 -6.800353995684205 124.74516095704762 1354.6191363412127
1.1799000000000153 -6.79119298593525 124.74516095704762 1354.6191363412127
1.1779000000000153 -6.78158718030792 124.74516095704762 1354.6191363412127
1.1759000000000153 -6.7715474157553075 124.74516095704762 1354.6191363412127
1.1739000000000153 -6.7610845292305015 124.74516095704762 1354.6191363412127
1.1719000000000153 -6.750209357686592 124.74516095704762 1354.6191363412127
1.1699000000000153 -6.738932738076673 124.7452347937372 0.0036918344794685254
1.1679000000000153 -6.727209516286778 124.7452347937372 0.0036918344794685254
1.1659000000000153 -6.714987313587244 124.7452347937372 0.0036918344794685254
1.1639000000000153 -6.7022661300076045 124.7452347937372 0.0036918344794685254
1.1619000000000153 -6.689045965577394 124.7452347937372 0.0036918344794685254
1.1599000000000153 -6.675326820326147 124.7452347937372 0.0036918344794685254
1.1579000000000153 -6.6611086942833975 124.7452347937372 0.0036918344794685254
1.1559000000000152 -6.646391587478683 124.7452347937372 0.0036918344794685254
1.1539000000000152 -6.631175499941535 124.7452347937372 0.0036918344794685254
1.1519000000000152 -6.61546043170149 124.7452347937372 0.0036918344794685254
1.1499000000000152 -6.599246382788082 124.74526929899578 0.0017252629295398947
1.1479000000000152 -6.58253335301154 124.74526929899578 0.0017252629295398947
1.1459000000000152 -6.565321342171604 124.74526929899578 0.0017252629295398947
1.1439000000000152 -6.547610350282076 124.74526929899578 0.0017252629295398947
1.1419000000000152 -6.529400377356758 124.74526929899578 0.0017252629295398947
1.1399000000000152 -6.510691423409453 124.74526929899578 0.0017252629295398947
1.1379000000000152 -6.491483488453962 124.74526929899578 0.0017252629295398947
1.1359000000000152 -6.471776572504089 124.74526929899578 0.0017252629295398947
1.1339000000000152 -6.451570675573633 124.74526929899578 0.0017252629295398947
1.1319000000000152 -6.4308657976763985 124.74526929899578 0.0017252629295398947
1.1299000000000152 -6.409661938826187 213.57565213184833 4441.519141642623
1.1279000000000152 -6.387787360225347 213.57565213184833 4441.519141642623
1.1259000000000152 -6.365094011169111 213.57565213184833 4441.519141642623
1.1239000000000152 -6.341617423810614 213.57565213184833 4441.519141642623
1.1219000000000152 -6.317393130302991 213.57565213184833 4441.519141642623
1.1199000000000152 -6.292456662799371 213.57565213184833 4441.519141642623
1.1179000000000152 -6.266843553452892 213.57565213184833 4441.519141642623
1.1159000000000152 -6.240589334416682 213.57565213184833 4441.519141642623
1.1139000000000152 -6.213729537843878 213.57565213184833 4441.519141642623
1.1119000000000152 -6.186299695887611 213.57565213184833 4441.519141642623
1.1099000000000152 -6.158335340701014 213.5756559895631 0.00019288573821540922
1.1019000000000152 -6.0386218487229435 213.5756559895631 0.00019288573821540922
1.0939000000000152 -5.905239514860298 213.5756559895631 0.00019288573821540922
1.0859000000000152 -5.758188339211836 213.5756559895631 0.00019288573821540922
1.0779000000000152 -5.597468321876313 213.5756559895631 0.00019288573821540922
1.0699000000000152 -5.423079462952489 213.5756559895631 0.00019288573821540922
1.0619000000000152 -5.23502176253912 213.5756559895631 0.00019288573821540922
1.0539000000000152 -5.033295220734965 213.5756559895631 0.00019288573821540922
1.0459000000000152 -4.817899837638781 213.5756559895631 0.00019288573821540922
1.0379000000000151 -4.588835613349324 213.5756559895631 0.00019288573821540922
1.0299000000000151 -4.346102547965352 375.7673708151718 2027.3964353201122
1.0279000000000151 -4.282961844944391 375.7673708151718 2027.3964353201122
1.0259000000000151 -4.218334291611653 375.7673708151718 2027.3964353201122
1.0239000000000151 -4.152236107138618 375.7673708151718 2027.3964353201122
1.0219000000000151 -4.08468351069677 375.7673708151718 2027.3964353201122
1.0199000000000151 -4.015692721457593 375.7673708151718 2027.3964353201122
1.0179000000000151 -3.945279958592567 375.7673708151718 2027.3964353201122
1.0159000000000151 -3.8734614412731756 375.7673708151718 2027.3964353201122
1.0139000000000151 -3.8002533886709013 375.7673708151718 2027.3964353201122
1.0119000000000151 -3.7256720199572273 375.7673708151718 2027.3964353201122
1.0099000000000151 -3.649733554303635 375.7673962031066 0.0012693967437371612
1.0079000000000151 -3.5723704117798647 375.7673962031066 0.0012693967437371612
1.0059000000000151 -3.4935041996814378 375.7673962031066 0.0012693967437371612
1.0039000000000151 -3.4131349180185078 375.7673962031066 0.0012693967437371612
1.0019000000000151 -3.3312625668012315 375.7673962031066 0.0012693967437371612
0.9999000000000151 -3.247887146039764 375.7673962031066 0.0012693967437371612
0.9979000000000151 -3.163008655744259 375.7673962031066 0.0012693967437371612
0.9959000000000151 -3.076627095924873 375.7673962031066 0.0012693967437371612
0.9939000000000151 -2.9887424665917606 375.7673962031066 0.0012693967437371612
0.9919000000000151 -2.899354767755077 375.7673962031066 0.0012693967437371612
0.9899000000000151 -2.808463999424978 375.767503242507 0.00535197001954657
0.9879000000000151 -2.716070161352207 375.767503242507 0.00535197001954657
0.9859000000000151 -2.622173253309281 375.767503242507 0.00535197001954657
0.9839000000000151 -2.5267732753390177 375.767503242507 0.00535197001954657
0.9819000000000151 -2.429870227484231 375.767503242507 0.00535197001954657
0.9799000000000151 -2.3314641097877375 375.767503242507 0.00535197001954657
0.9779000000000151 -2.2315549222923527 375.767503242507 0.00535197001954657
0.9759000000000151 -2.1301426650408923 375.767503242507 0.00535197001954657
0.9739000000000151 -2.0272273380761723 375.767503242507 0.00535197001954657
0.9719000000000151 -1.9228089414410083 375.767503242507 0.00535197001954657
0.9699000000000151 -1.8168874751782165 375.7827219876251 0.7609372559018084
0.9679000000000151 -1.7094629096864902 375.7827219876251 0.7609372559018084
0.9659000000000151 -1.6005352193943108 375.7827219876251 0.7609372559018084
0.9639000000000151 -1.4901044103891776 375.7827219876251 0.7609372559018084
0.9619000000000151 -1.3781704887585877 375.7827219876251 0.7609372559018084
0.9599000000000151 -1.2647334605900395 375.7827219876251 0.7609372559018084
0.9579000000000151 -1.1497933319710314 375.7827219876251 0.7609372559018084
0.9559000000000151 -1.0333501089890607 375.7827219876251 0.7609372559018084
0.9539000000000151 -0.9154037977316258 375.7827219876251 0.7609372559018084
0.9519000000000151 -0.7959544042862251 375.7827219876251 0.7609372559018084
