1 375.7827219876251
2 375.767503242507
3 375.7673962031066
4 375.7673708151718
5 335.2194421087696
6 294.67151340236745
7 254.12358469596526
8 213.5756559895631
9 213.57565213184833
10 124.74526929899578
11 124.7452347937372
12 124.74516095704762
13 97.65277823022333
14 78.42867714425738
15 78.42477292465615
16 61.79633747161925
17 52.27687220442764
18 49.812675795136656
19 36.49727730932314
20 33.55506601962533
21 33.544582072758686
22 19.58444411865789
23 19.577650943306793
24 19.577473653195113
25 19.577411369438884
26 17.062520187242672
27 14.54762900504646
28 12.032737822850248
29 9.517846640654035
30 7.002955458457824
31 4.488064276261611
32 4.488055962623304
33 -2.212459210042074
34 -2.212512396568087
35 -2.212533305528876
36 -2.2125434063426637
37 -2.2125499638215276
38 -2.21255652907667
39 -6.810241804047716
40 -6.820394436770161
41 -6.820402616180407
42 -6.820403928468132
43 -6.8204043749553716
44 -6.820404581320594
45 -6.820404694887951
46 -6.8204047650542
47 -6.820404812194272
48 -6.820404845967296
49 -6.820404871440852
50 -6.820404891489696
51 -6.820404907850804
52 -6.820404921630783
53 -6.820404933568167
54 -6.82040494417761
55 -6.820404953833644
56 -6.8204049628219545
57 -6.820404971372544
58 -6.820404979682785
59 -6.8204049879351984
60 -6.820404996313415
61 -6.82040500501923
62 -6.820405014294332
63 -6.820405024452127
64 -6.820405035929952
65 -6.820405049382877
66 -6.820405065867637
67 -6.820405087240901
68 -6.8204051171377
69 -6.820405163835314
70 -6.820405251211715
71 -6.820405486928098
72 -89.30535107013009
