# DATE: 2023-03-22 UNITS: real Created by pair_write
# Pair potential table for atom types 1 2: i,r,energy,force

table
N 500 R 1.2999991089416 5.9999991089416

1 1.2999991089416 18.6733869381274 391.542430677464
2 1.30941794661695 15.0790651774381 371.681794200959
3 1.3188367842923 11.671852038961 351.809675450608
4 1.32825562196765 8.45174813433518 331.947017041015
5 1.337674459643 5.41875133528156 312.081404710751
6 1.34709329731835 2.57286122236954 292.215892651137
7 1.3565121349937 -0.0859200558751199 272.350782140798
8 1.36593097266905 -2.55759264154912 252.485433987044
9 1.37534981034441 -4.84215815437296 232.620145307772
10 1.38476864801976 -6.93961645239942 212.75503879726
11 1.39418748569511 -8.84996670729816 192.889127301835
12 1.40360632337046 -10.5732072630375 173.025097688661
13 1.41302516104581 -12.1093412096051 153.159524655389
14 1.42244399872116 -13.4583728013629 133.286212263767
15 1.43186283639651 -14.6202689996692 113.457742435216
16 1.44128167407186 -15.5951413021594 93.4857802784722
17 1.45070051174721 -16.3827588048925 73.7737832689284
18 1.46011934942256 -16.9902606682381 55.8961012092833
19 1.46953818709791 -17.4463754453362 41.5444616107389
20 1.47895702477326 -17.7844385992299 30.8006687062642
21 1.48837586244861 -18.0373727066182 23.5546720150587
22 1.49779470012396 -18.2394055699723 19.8398109677008
23 1.50721353779931 -18.4199090237056 18.6331735205289
24 1.51663237547467 -18.5900343012199 17.5245888240904
25 1.52605121315002 -18.7497870424124 16.3848835324785
26 1.53547005082537 -18.8988795291647 15.2779576147829
27 1.54488888850072 -19.0375055818791 14.1567499533528
28 1.55430772617607 -19.1655865895694 13.0402674473606
29 1.56372656385142 -19.2831470363569 11.9225553717014
30 1.57314540152677 -19.3901809978053 10.8050648725087
31 1.58256423920212 -19.486689377364 9.68757325053514
32 1.59198307687747 -19.5726722434976 8.57006363948518
33 1.60140191455282 -19.6481295056425 7.45254596434174
34 1.61082075222817 -19.71306102298 6.33509724969199
35 1.62023958990352 -19.7674674416627 5.2174221257322
36 1.62965842757887 -19.8113469144107 4.10034972834823
37 1.63907726525422 -19.8447037706424 2.98183791150104
38 1.64849610292958 -19.8675308547251 1.86426159709893
39 1.65791494060493 -19.8799846996159 0.80508427061699
40 1.66733377828028 -19.8831943876294 -0.0970671590037184
41 1.67675261595563 -19.8786741425535 -0.835690223818502
42 1.68617145363098 -19.8679505099729 -1.41532317005298
43 1.69559029130633 -19.8525373243418 -1.82685692087664
44 1.70500912898168 -19.8339297602766 -2.11323065656376
45 1.71442796665703 -19.8128355571704 -2.36809977726286
46 1.72384680433238 -19.7892931987216 -2.63015256396249
47 1.73326564200773 -19.7632971644763 -2.8900629381921
48 1.74268447968308 -19.7348490317615 -3.15056733960699
49 1.75210331735843 -19.703948364162 -3.41090929508331
50 1.76152215503378 -19.6705952795692 -3.6712946117417
51 1.77094099270913 -19.6347897467765 -3.93166851501341
52 1.78035983038449 -19.5965317739456 -4.1920453893945
53 1.78977866805984 -19.5558213589687 -4.45242149498855
54 1.79919750573519 -19.5126585023859 -4.71279779969192
55 1.80861634341054 -19.467043204053 -4.97317405290153
56 1.81803518108589 -19.4189754640013 -5.23355031983159
57 1.82745401876124 -19.3684552822172 -5.49392658327826
58 1.83687285643659 -19.3154826586992 -5.75430284793761
59 1.84629169411194 -19.2600575934446 -6.01467911199049
60 1.85571053178729 -19.202180086444 -6.27505537806439
61 1.86512936946264 -19.1418501377154 -6.53543163655088
62 1.87454820713799 -19.0790677471542 -6.79580792697523
63 1.88396704481334 -19.0138329151536 -7.05618408380082
64 1.89338588248869 -18.9461456400169 -7.31656079980506
65 1.90280472016404 -18.8760059287017 -7.57693519098369
66 1.9122235578394 -18.8034137525705 -7.83731917915675
67 1.92164239551475 -18.7283692272462 -8.09766465093734
68 1.9310612331901 -18.650871895469 -8.35816353335132
69 1.94048007086545 -18.5709235112094 -8.61804572158983
70 1.9498989085408 -18.4885181085572 -8.87925626821388
71 1.95931774621615 -18.4037424612799 -9.11471411799592
72 1.9687365838915 -18.3169731681593 -9.30133326888209
73 1.97815542156685 -18.2286826128837 -9.43807748492614
74 1.9875742592422 -18.1393375825666 -9.52517579320559
75 1.99699309691755 -18.0494075033665 -9.5624004159289
76 2.0064119345929 -17.9593298343129 -9.56187034081114
77 2.01583077226825 -17.8692841430287 -9.55878074500762
78 2.0252496099436 -17.7792667564924 -9.55549448626007
79 2.03466844761895 -17.6892802863301 -9.55228678017511
80 2.0440872852943 -17.5993240182195 -9.54906212103528
81 2.05350612296966 -17.5093981237444 -9.54584116119679
82 2.06292496064501 -17.4195025671437 -9.54261953221407
83 2.07234379832036 -17.3296373543601 -9.53939798198366
84 2.08176263599571 -17.2398024848038 -9.53617643371786
85 2.09118147367106 -17.1499979584934 -9.53295488069905
86 2.10060031134641 -17.0602237755265 -9.52973332970467
87 2.11001914902176 -16.970479935893 -9.52651177844093
88 2.11943798669711 -16.880766439561 -9.52329022738595
89 2.12885682437246 -16.7910832864403 -9.52006867612165
90 2.13827566204781 -16.7014304764847 -9.51684712451569
91 2.14769449972316 -16.6118080097976 -9.51362557290747
92 2.15711333739851 -16.5222158864501 -9.51040402152772
93 2.16653217507386 -16.4326541064468 -9.50718247039041
94 2.17595101274921 -16.3431226697157 -9.5039609192614
95 2.18536985042457 -16.2536215761391 -9.50073936776208
96 2.19478868809992 -16.1641508257936 -9.49751781614023
97 2.20420752577527 -16.0747104187876 -9.49429626474192
98 2.21362636345062 -15.9853003551322 -9.49107471360112
99 2.22304520112597 -15.8959206347288 -9.48785316240476
100 2.23246403880132 -15.806571257473 -9.48463161082454
101 2.24188287647667 -15.7172522234998 -9.4814100592858
102 2.25130171415202 -15.6279635328895 -9.47818850803876
103 2.26072055182737 -15.5387051855841 -9.47496695690155
104 2.27013938950272 -15.4494771814313 -9.47174540540266
105 2.27955822717807 -15.3602795205286 -9.46852385384388
106 2.28897706485342 -15.2711122029896 -9.46530230257465
107 2.29839590252877 -15.1819752287563 -9.46208075141596
108 2.30781474020412 -15.0928685976717 -9.45885919988974
109 2.31723357787948 -15.0037923098635 -9.45563764838423
110 2.32665241555483 -14.9147463654228 -9.45241609717512
111 2.33607125323018 -14.8257307642318 -9.4491945459065
112 2.34549009090553 -14.7367455062075 -9.44597299432981
113 2.35490892858088 -14.6477905915256 -9.44275144297067
114 2.36432776625623 -14.5588660201757 -9.43952989179775
115 2.37374660393158 -14.4699717919833 -9.43630834029331
116 2.38316544160693 -14.3811079070762 -9.43308678883543
117 2.39258427928228 -14.2922743655297 -9.42986523764537
118 2.40200311695763 -14.2034711671732 -9.42664368622285
119 2.41142195463298 -14.1146983120617 -9.42342213472878
120 2.42084079230833 -14.0259558003159 -9.42020058351405
121 2.43025962998368 -13.9372436317761 -9.41697903211628
122 2.43967846765903 -13.8485618064741 -9.41375748062705
123 2.44909730533439 -13.7599103245359 -9.41053592940821
124 2.45851614300974 -13.6712891857944 -9.40731437798188
125 2.46793498068509 -13.5826983903138 -9.40409282653068
126 2.47735381836044 -13.4941379381856 -9.40087127531472
127 2.48677265603579 -13.4056078292313 -9.39764972382916
128 2.49619149371114 -13.3171080635859 -9.39442817245434
129 2.50561033138649 -13.2286386412508 -9.39120662119421
130 2.51502916906184 -13.1401995620951 -9.38798506968218
131 2.52444800673719 -13.0517908262934 -9.3847635184056
132 2.53386684441254 -12.9634124337198 -9.38154196701465
133 2.54328568208789 -12.8750643844012 -9.37832041558313
134 2.55270451976324 -12.7867466784175 -9.37509886433189
135 2.56212335743859 -12.6984593156137 -9.37187731283514
136 2.57154219511394 -12.610202296156 -9.36865576154778
137 2.5809610327893 -12.5219756199236 -9.36543421014025
138 2.59037987046465 -12.433779286966 -9.36221265874694
139 2.59979870814 -12.3456132973119 -9.35899110744614
140 2.60921754581535 -12.2574776508657 -9.35576955597914
141 2.6186363834907 -12.1693723477645 -9.35254800471456
142 2.62805522116605 -12.0812973878543 -9.34932645322878
143 2.6374740588414 -11.9932527712813 -9.34610490197918
144 2.64689289651675 -11.9052384979244 -9.34288335097708
145 2.6563117341921 -11.817254567882 -9.33966179711091
146 2.66573057186745 -11.7293009811394 -9.33644022381314
147 2.6751494095428 -11.6413777371078 -9.33321887170339
148 2.68456824721815 -11.5534848347741 -9.32999719270924
149 2.6939870848935 -11.465622304232 -9.3267753790022
150 2.70340592256885 -11.3777902930113 -9.32335762972129
151 2.7128247602442 -11.2899990227087 -9.31780173970115
152 2.72224359791956 -11.2022731825139 -9.30948931976999
153 2.73166243559491 -11.1146384751262 -9.29844656234611
154 2.74108127327026 -11.0271206466789 -9.28467114716416
155 2.75050011094561 -10.9397454004532 -9.26815771700917
156 2.75991894862096 -10.8525409345709 -9.24821070826725
157 2.76933778629631 -10.7655432925112 -9.22423842562081
158 2.77875662397166 -10.6787903386927 -9.19625080655697
159 2.78817546164701 -10.5923199306395 -9.16424245754363
160 2.79759429932236 -10.5061699497184 -9.12819367798203
161 2.80701313699771 -10.4203754669026 -9.08929329429711
162 2.81643197467306 -10.3349488476177 -9.05023684903414
163 2.82585081234841 -10.2498901106708 -9.01117503408133
164 2.83526965002376 -10.1651992589533 -8.97211630375852
165 2.84468848769911 -10.0808762957102 -8.93305755119646
166 2.85410732537447 -9.99692122085359 -8.89399876094304
167 2.86352616304982 -9.9133340344724 -8.85493996902817
168 2.87294500072517 -9.83011473648733 -8.81588117748809
169 2.88236383840052 -9.74726332690211 -8.77682238596784
170 2.89178267607587 -9.66477980578641 -8.737763594571
171 2.90120151375122 -9.58266417301369 -8.69870480299446
172 2.91062035142657 -9.50091642872462 -8.65964601157945
173 2.92003918910192 -9.41953657281365 -8.62058722007088
174 2.92945802677727 -9.33852460531774 -8.58152842855877
175 2.93887686445262 -9.25788052628269 -8.54246963715145
176 2.94829570212797 -9.1776043355994 -8.50341084558933
177 2.95771453980332 -9.0976960333811 -8.46435205414194
178 2.96713337747867 -9.01815561957351 -8.42529326267969
179 2.97655221515402 -8.93898309414783 -8.3862344711355
180 2.98597105282938 -8.86017845719072 -8.34717567971309
181 2.99538989050473 -8.78174170861641 -8.30811688821065
182 3.00480872818008 -8.70367284845123 -8.26905809669078
183 3.01422756585543 -8.62597187674517 -8.22999930526933
184 3.02364640353078 -8.54863879341543 -8.19094051375362
185 3.03306524120613 -8.47167359850489 -8.15188172224393
186 3.04248407888148 -8.39507629204694 -8.11282293081661
187 3.05190291655683 -8.31884687396982 -8.07376413930636
188 3.06132175423218 -8.24298534430805 -8.03470534779319
189 3.07074059190753 -8.16749170309664 -7.99564655635668
190 3.08015942958288 -8.09236595027882 -7.956587764867
191 3.08957826725823 -8.01760808586276 -7.91752897334352
192 3.09899710493358 -7.94321810989367 -7.87847018188846
193 3.10841594260893 -7.86919602234005 -7.8394113904301
194 3.11783478028428 -7.79554182317302 -7.80035259890384
195 3.12725361795964 -7.72225551244059 -7.76129380741784
196 3.13667245563499 -7.64933709014369 -7.72223501597357
197 3.14609129331034 -7.57678655624089 -7.6831762244785
198 3.15551013098569 -7.50460391074556 -7.64411743296294
199 3.16492896866104 -7.43278915368745 -7.60505864149279
200 3.17434780633639 -7.3613422850545 -7.56599985004092
201 3.18376664401174 -7.29026330481521 -7.52694105853796
202 3.19318548168709 -7.21955221299 -7.48788226702927
203 3.20260431936244 -7.14920900959821 -7.44882347555709
204 3.21202315703779 -7.07923369463083 -7.40976468410139
205 3.22144199471314 -7.00962626806325 -7.37070589260856
206 3.23086083238849 -6.94038672990485 -7.33164710109936
207 3.24027967006384 -6.87151508017439 -7.29258830961445
208 3.2496985077392 -6.80301131887138 -7.25352951815248
209 3.25911734541455 -6.7348754459814 -7.21447072668222
210 3.2685361830899 -6.66710746149324 -7.17541193517988
211 3.27795502076525 -6.59970736542242 -7.13635314367888
212 3.2873738584406 -6.53267515777753 -7.09729435219745
213 3.29679269611595 -6.46601083855656 -7.05823556073115
214 3.3062115337913 -6.39971440775036 -7.01917676926041
215 3.31563037146665 -6.33378586534976 -6.98011797776598
216 3.325049209142 -6.2682252113631 -6.94105918626566
217 3.33446804681735 -6.20303244579803 -6.90200039477551
218 3.3438868844927 -6.13820756865595 -6.86294160329837
219 3.35330572216805 -6.07375057993403 -6.82388281182824
220 3.3627245598434 -6.0096614796269 -6.78482402035379
221 3.37214339751875 -5.94594026772933 -6.74576522886431
222 3.3815622351941 -5.88258694424528 -6.70670643736808
223 3.39098107286946 -5.81960150917958 -6.66764764587516
224 3.40039991054481 -5.75698396253409 -6.62858885438933
225 3.40981874822016 -5.69473430430865 -6.58953006291023
226 3.41923758589551 -5.63285253450188 -6.55047127143493
227 3.42865642357086 -5.57133865311172 -6.51141247995924
228 3.43807526124621 -5.51019266013595 -6.47235368847862
229 3.44749409892156 -5.44941455557336 -6.43329489699066
230 3.45691293659691 -5.38900433942598 -6.39423610549955
231 3.46633177427226 -5.32896201169558 -6.35517731400887
232 3.47575061194761 -5.26928757238302 -6.31611852252032
233 3.48516944962296 -5.20998102148854 -6.27705973103439
234 3.49458828729831 -5.15104235901205 -6.23800093955085
235 3.50400712497366 -5.09247158495324 -6.19894214806909
236 3.51342596264901 -5.03426869931175 -6.15988335658837
237 3.52284480032437 -4.97643370208724 -6.12082456510801
238 3.53226363799972 -4.91896659327939 -6.08176577362739
239 3.54168247567507 -4.86186737288799 -6.04270698214611
240 3.55110131335042 -4.80513604091294 -6.00364819066394
241 3.56052015102577 -4.74877259735419 -5.96458939918081
242 3.56993898870112 -4.69277704221178 -5.92553060769677
243 3.57935782637647 -4.63714937548581 -5.88647181621206
244 3.58877666405182 -4.58188959717645 -5.84741302472701
245 3.59819550172717 -4.52699770728386 -5.8083542332419
246 3.60761433940252 -4.4724737058081 -5.76929544175688
247 3.61703317707787 -4.4183175927492 -5.73023665027202
248 3.62645201475322 -4.36452936810719 -5.69117785878737
249 3.63587085242857 -4.3111090318821 -5.65211906730295
250 3.64528969010392 -4.25805658407389 -5.61306027581873
251 3.65470852777927 -4.20537202468256 -5.57400148433469
252 3.66412736545463 -4.1530553537081 -5.53494269285079
253 3.67354620312998 -4.10110657115046 -5.49588390136695
254 3.68296504080533 -4.04952567700961 -5.4568251098831
255 3.69238387848068 -3.99831267128544 -5.41776631839906
256 3.70180271615603 -3.94746755397785 -5.37870752691463
257 3.71122155383138 -3.89699032508675 -5.33964873542961
258 3.72064039150673 -3.84688098461212 -5.30058994394398
259 3.73005922918208 -3.79713953255399 -5.26153115245761
260 3.73947806685743 -3.74776596891245 -5.22247236096885
261 3.74889690453278 -3.69876029368763 -5.18341356947093
262 3.75831574220813 -3.65012250687978 -5.14435477816272
263 3.76773457988348 -3.60185260849041 -5.10529599265004
264 3.77715341755883 -3.55395059854047 -5.06623729438755
265 3.78657225523418 -3.50641647733832 -5.02717944133785
266 3.79599109290954 -3.45925024915107 -4.9881253585372
267 3.80540993058489 -3.41245232407392 -4.94882631014288
268 3.81482876826024 -3.3660301297388 -4.90824449228356
269 3.82424760593559 -3.3199968519597 -4.86624475218749
270 3.83366644361094 -3.27436584203197 -4.82282711601385
271 3.84308528128629 -3.22915045282339 -4.77799307134077
272 3.85250411896164 -3.18436399419832 -4.73179774217291
273 3.86192295663699 -3.14001544237608 -4.6852039895552
274 3.87134179431234 -3.09610566411286 -4.63861797976817
275 3.88076063198769 -3.05263466353336 -4.592032800824
276 3.89017946966304 -3.00960244096164 -4.54544764780228
277 3.89959830733839 -2.96700899641783 -4.49886249148955
278 3.90901714501374 -2.92485432990083 -4.45227733475925
279 3.9184359826891 -2.88313844141133 -4.40569217800933
280 3.92785482036445 -2.84186133095179 -4.35910702125939
281 3.9372736580398 -2.80102299852371 -4.31252186451271
282 3.94669249571515 -2.76062344412723 -4.26593670776973
283 3.9561113333905 -2.72066266776074 -4.21935155102765
284 3.96553017106585 -2.68114066942088 -4.1727663942805
285 3.9749490087412 -2.64205744910801 -4.12618123752903
286 3.98436784641655 -2.60341300682574 -4.07959608077935
287 3.9937866840919 -2.56520734257569 -4.03301092401863
288 4.00320552176725 -2.52744045635684 -3.98642576709625
289 4.0126243594426 -2.49011234816512 -3.93984060885901
290 4.02204319711795 -2.45322301799792 -3.89325541907699
291 4.0314620347933 -2.41677246582661 -3.846669774886
292 4.04088087246865 -2.38076069123365 -3.80008164535002
293 4.050299710144 -2.34518769430742 -3.75349223495619
294 4.05971854781936 -2.31005830836371 -3.70542506222622
295 4.06913738549471 -2.27539491573931 -3.65454924804385
296 4.07855622317006 -2.24122389436445 -3.60087346448534
297 4.08797506084541 -2.20757161957534 -3.54439627212597
298 4.09739389852076 -2.17446447197837 -3.48510569618624
299 4.10681273619611 -2.14192715075896 -3.4237737400141
300 4.11623157387146 -2.10996853037002 -3.36232798676185
301 4.12565041154681 -2.07858870517399 -3.30087739531301
302 4.13506924922216 -2.04778767334697 -3.2394267983525
303 4.14448808689751 -2.01756543480231 -3.17797619365001
304 4.15390692457286 -1.98792198954388 -3.11652558811141
305 4.16332576224821 -1.95885733756561 -3.05507498620523
306 4.17274459992356 -1.93037147886176 -2.9936244782897
307 4.18216343759891 -1.90246441341767 -2.93217530622021
308 4.19158227527427 -1.8751361412649 -2.87073263603885
309 4.20100111294962 -1.84838665393177 -2.80935652592438
310 4.21041995062497 -1.82219947478412 -2.75256992882395
311 4.21983878830032 -1.79651020594898 -2.70359103323743
312 4.22925762597567 -1.77124573136151 -2.66237174017068
313 4.23867646365102 -1.74633294151066 -2.62891791091195
314 4.24809530132637 -1.72169873101141 -2.60327356982314
315 4.25751413900172 -1.69727614792819 -2.58283333546583
316 4.26693297667707 -1.67304436819775 -2.56257230599083
317 4.27635181435242 -1.64900326839278 -2.54232629863341
318 4.28577065202777 -1.62515285215573 -2.52208129970863
319 4.29518948970312 -1.60149311976099 -2.50183634989425
320 4.30460832737847 -1.57802407121215 -2.48159140578784
321 4.31402716505382 -1.55474570650523 -2.46134646147319
322 4.32344600272917 -1.53165802564459 -2.44110151715841
323 4.33286484040453 -1.50876102862776 -2.42085657283888
324 4.34228367807988 -1.48605471545414 -2.40061162851724
325 4.35170251575523 -1.46353908612697 -2.38036668419903
326 4.36112135343058 -1.44121414064181 -2.36012173987713
327 4.37054019110593 -1.41907987900233 -2.33987679555745
328 4.37995902878128 -1.39713630120716 -2.31963185123783
329 4.38937786645663 -1.37538340725508 -2.29938690691628
330 4.39879670413198 -1.35382119714934 -2.279141962598
331 4.40821554180733 -1.33244967088556 -2.25889701827601
332 4.41763437948268 -1.31126882846802 -2.2386520739571
333 4.42705321715803 -1.29027866989356 -2.21840712963626
334 4.43647205483338 -1.26947919516379 -2.19816218531605
335 4.44589089250873 -1.24887040427879 -2.17791724099655
336 4.45530973018408 -1.22845229723694 -2.15767229667527
337 4.46472856785944 -1.20822487404105 -2.13742735235658
338 4.47414740553479 -1.18818813468747 -2.11718240803478
339 4.48356624321014 -1.16834207918031 -2.09693746371629
340 4.49298508088549 -1.1486867075153 -2.07669251939446
341 4.50240391856084 -1.12922201969664 -2.05644757507581
342 4.51182275623619 -1.10994801572036 -2.0362026307542
343 4.52124159391154 -1.09086469559015 -2.01595768643536
344 4.53066043158689 -1.0719720593026 -1.99571274211401
345 4.54007926926224 -1.0532701068609 -1.97546779779501
346 4.54949810693759 -1.034758838262 -1.95522285347349
347 4.55891694461294 -1.01643825350889 -1.93497790908347
348 4.56833578228829 -0.998308352598572 -1.91473296382797
349 4.57775461996364 -0.980369135534198 -1.89448800607702
350 4.58717345763899 -0.962620602300855 -1.87424285942862
351 4.59659229531434 -0.945062752913674 -1.85399638818873
352 4.6060111329897 -0.927695428701785 -1.83383213144674
353 4.61542997066505 -0.910516420301798 -1.81403030208462
354 4.6248488083404 -0.893522092745776 -1.79461725636934
355 4.63426764601575 -0.876708781683297 -1.7755932049908
356 4.6436864836911 -0.860072822789786 -1.75695797240067
357 4.65310532136645 -0.843610559771903 -1.73870427089503
358 4.6625241590418 -0.82731879516523 -1.72073782964109
359 4.67194299671715 -0.811195053281596 -1.70302702450634
360 4.6813618343925 -0.795236920241434 -1.68557241940466
361 4.69078067206785 -0.779441982364565 -1.66837385600064
362 4.7001995097432 -0.763807825802848 -1.65143161990578
363 4.70961834741855 -0.748332465817541 -1.63461271724338
364 4.7190371850939 -0.733015524864482 -1.61779319916374
365 4.72845602276925 -0.717857003051356 -1.60097379020993
366 4.73787486044461 -0.702856900388252 -1.58415439390981
367 4.74729369811996 -0.688015216876862 -1.56733499881222
368 4.75671253579531 -0.673331952515345 -1.55051560386951
369 4.76613137347066 -0.658807107304581 -1.5336962089388
370 4.77555021114601 -0.644440681245108 -1.51687681400973
371 4.78496904882136 -0.630232674335245 -1.50005741907923
372 4.79438788649671 -0.616183086576742 -1.48323802414978
373 4.80380672417206 -0.602291917968928 -1.46641862922042
374 4.81322556184741 -0.588559168511039 -1.44959923429
375 4.82264439952276 -0.574984838204604 -1.43277983936076
376 4.83206323719811 -0.561568927048535 -1.41596044443112
377 4.84148207487346 -0.548311435042646 -1.39914104950079
378 4.85090091254881 -0.535212362188146 -1.38232165457155
379 4.86031975022417 -0.522271708483982 -1.36550225964186
380 4.86973858789952 -0.50948947393003 -1.34868286471156
381 4.87915742557487 -0.496865658527385 -1.33186346978222
382 4.88857626325022 -0.484400262275257 -1.31504407485272
383 4.89799510092557 -0.47209328517321 -1.29822467992242
384 4.90741393860092 -0.459944727222328 -1.28140528499287
385 4.91683277627627 -0.447954588422295 -1.26458589006362
386 4.92625161395162 -0.436122868772236 -1.24776649513342
387 4.93567045162697 -0.424449568273035 -1.23094710020352
388 4.94508928930232 -0.412934686924931 -1.21412770527427
389 4.95450812697767 -0.401578224727127 -1.19730831034453
390 4.96392696465302 -0.390380181679642 -1.18048891541434
391 4.97334580232837 -0.379340557783198 -1.16366952048471
392 4.98276464000372 -0.368459353037633 -1.14685012555541
393 4.99218347767907 -0.357736567442256 -1.13003073062548
394 5.00160231535443 -0.347172200997401 -1.11321133569538
395 5.01102115302978 -0.336766253703537 -1.09639194076577
396 5.02043999070513 -0.326518725560504 -1.07957254583643
397 5.02985882838048 -0.316429616567746 -1.06275315090659
398 5.03927766605583 -0.306498926725457 -1.04593375597651
399 5.04869650373118 -0.296726656034059 -1.02911436104679
400 5.05811534140653 -0.287112804493539 -1.01229496611739
401 5.06753417908188 -0.277657372103545 -0.99547557118783
402 5.07695301675723 -0.268360358863865 -0.978656176257811
403 5.08637185443258 -0.25922176477487 -0.96183678132785
404 5.09579069210793 -0.25024158983674 -0.945017386398191
405 5.10520952978328 -0.241419834049394 -0.928197991468725
406 5.11462836745863 -0.232756497412585 -0.911378596539119
407 5.12404720513398 -0.224251579926158 -0.894559201609163
408 5.13346604280934 -0.215905081590366 -0.877739806679205
409 5.14288488048469 -0.207717002405357 -0.860920411749447
410 5.15230371816004 -0.199687342371132 -0.844101016819888
411 5.16172255583539 -0.19181610148759 -0.827281621890386
412 5.17114139351074 -0.184103279754569 -0.810462226960718
413 5.18056023118609 -0.176548877172021 -0.793642832030822
414 5.18997906886144 -0.1691528937401 -0.776823437100906
415 5.19939790653679 -0.161915329458897 -0.760004042171091
416 5.20881674421214 -0.154836184328432 -0.743184647241407
417 5.21823558188749 -0.147915458348676 -0.726365252311818
418 5.22765441956284 -0.141153151519573 -0.709545857382242
419 5.23707325723819 -0.134549263841054 -0.692726462452591
420 5.24649209491354 -0.128103795313068 -0.675907067522798
421 5.25591093258889 -0.121816745935673 -0.659087672592941
422 5.26532977026424 -0.115688115708927 -0.642268277663095
423 5.2747486079396 -0.109717904632855 -0.62544888273329
424 5.28416744561495 -0.103906112707468 -0.608629487803544
425 5.2935862832903 -0.0982527399327591 -0.591810092873847
426 5.30300512096565 -0.0927577863087174 -0.574990697944184
427 5.312423958641 -0.0874212518353286 -0.558171303014538
428 5.32184279631635 -0.0822431365125785 -0.541351908084891
429 5.3312616339917 -0.0772234403404548 -0.524532513155226
430 5.34068047166705 -0.0723621633189485 -0.50771311822553
431 5.3500993093424 -0.0676593054480572 -0.490893723295805
432 5.35951814701775 -0.0631148667277854 -0.474074328366051
433 5.3689369846931 -0.0587288471581457 -0.457254933436286
434 5.37835582236845 -0.0545012467391453 -0.440435538506518
435 5.3877746600438 -0.0504320654707885 -0.423616143576754
436 5.39719349771915 -0.0465213033530764 -0.406796748646994
437 5.40661233539451 -0.0427689603860106 -0.389977353717241
438 5.41603117306986 -0.0391750365695903 -0.373157958787496
439 5.42545001074521 -0.0357395319038157 -0.356338563857759
440 5.43486884842056 -0.0324624463886851 -0.339519168928024
441 5.44428768609591 -0.0293437800241992 -0.322699773998299
442 5.45370652377126 -0.0263835328103563 -0.305880379068572
443 5.46312536144661 -0.023581704747158 -0.289060984138856
444 5.47254419912196 -0.0209382958346029 -0.272241589209141
445 5.48196303679731 -0.018453306072692 -0.255422194279433
446 5.49138187447266 -0.0161267354614248 -0.238602799349728
447 5.50080071214801 -0.0139585840008022 -0.22178340442003
448 5.51021954982336 -0.0119488516908238 -0.204964009490337
449 5.51963838749871 -0.0100975385314892 -0.188144614560645
450 5.52905722517407 -0.00840464452279664 -0.171325219630784
451 5.53847606284941 -0.00687016966474378 -0.154505824698246
452 5.54789490052477 -0.00549411395732544 -0.137686429729546
453 5.55731373820012 -0.00427647740053441 -0.120867034325981
454 5.56673257587547 -0.00321725999436429 -0.104047634260955
455 5.57615141355082 -0.00231646173876375 -0.0872281926292109
456 5.58557025122617 -0.00157408263824613 -0.0704084845011188
457 5.59498908890152 -0.00099012236427273 -0.0535883702883544
458 5.60440792657687 -0.00056407219603152 -0.0371234071058282
459 5.61382676425222 -0.00028172264519447 -0.0233658270325821
460 5.62324560192757 -0.00011398138516101 -0.0127813372019747
461 5.63266443960292 -3.10054692592338e-05 -0.00536549334884758
462 5.64208327727827 -2.95270464094092e-06 -0.00111375173392522
463 5.65150211495362 2.94085054858735e-09 2.11012697827827e-05
464 5.66092095262897 -9.89467284409383e-12 1.17509774606368e-06
465 5.67033979030433 -5.36421868030787e-13 4.25840143545307e-08
466 5.67975862797968 -1.1025744623711e-14 -3.0573826480436e-09
467 5.68917746565503 -2.58420915942817e-14 -7.60472519228116e-10
468 5.69859630333038 -2.2561962324586e-14 -9.47437841324593e-11
469 5.70801514100573 -2.00745251397607e-14 -9.52572291449188e-12
470 5.71743397868108 -1.78666577236631e-14 -9.91186548118939e-13
471 5.72685281635643 -1.59137434547692e-14 -2.51309178503227e-13
472 5.73627165403178 -1.41832379214074e-14 -1.7695042859105e-13
473 5.74569049170713 -1.26427197215096e-14 -1.54820520298728e-13
474 5.75510932938248 -1.12603066740995e-14 -1.39291399472876e-13
475 5.76452816705783 -1.00144604371572e-14 -1.25461661791925e-13
476 5.77394700473318 -8.89288491586665e-15 -1.12904236292611e-13
477 5.78336584240853 -7.88361408183536e-15 -1.01616189966057e-13
478 5.79278468008388 -6.97468111511884e-15 -9.15975303434448e-14
479 5.80220351775923 -6.15413285478342e-15 -8.2829862540973e-14
480 5.81162235543459 -5.41183762920862e-15 -7.48904588905748e-14
481 5.82104119310994 -4.741371100246e-15 -6.75821262008763e-14
482 5.83046003078529 -4.13675448521761e-15 -6.09081791174867e-14
483 5.83987886846064 -3.59200977644953e-15 -5.48689297621628e-14
484 5.84929770613599 -3.10115820262671e-15 -4.94657400277841e-14
485 5.85871654381134 -2.658620196602e-15 -4.45584225709426e-14
486 5.86813538148669 -2.26079471160795e-15 -3.99690903815157e-14
487 5.87755421916204 -1.9047028826136e-15 -3.56963619262577e-14
488 5.88697305683739 -1.58736522256137e-15 -3.17400378340726e-14
489 5.89639189451274 -1.30580235344528e-15 -2.81004872245426e-14
490 5.90581073218809 -1.05708693171591e-15 -2.47493278560969e-14
491 5.91522956986344 -8.39025470621842e-16 -2.15831355368758e-14
492 5.92464840753879 -6.49963761210293e-16 -1.85913591242936e-14
493 5.93406724521414 -4.88260286256651e-16 -1.57738653006745e-14
494 5.9434860828895 -3.52273508251636e-16 -1.31305391157928e-14
495 5.95290492056485 -2.40364933043323e-16 -1.06582191672181e-14
496 5.9623237582402 -1.51116357062264e-16 -8.31047980229804e-15
497 5.97174259591555 -8.34745265087236e-17 -6.07060703385575e-15
498 5.9811614335909 -3.64204899382664e-17 -3.93886858572464e-15
499 5.99058027126625 0 0
500 5.9999991089416 0 0
