6.414182198545386626e+00 -2.055235831705394389e+01 2.078563625197144660e+01 -1.009943023812335665e-04
2.575193306994141285e+00 -1.015955912749991619e+01 2.078556050624466067e+01 -1.969440101135795018e+01
1.026676040956985503e+00 -3.459479064007202176e+00 6.014759747726197148e+00 -4.343210282548644940e+00
4.698660985232497866e-01 -1.266451118121974195e+00 2.757352035814713442e+00 -3.305214278657637283e+00
2.739438481271502246e-01 -5.075027774629244925e-01 2.784413268214855353e-01 1.406282497858531552e-15
1.644707366877619648e-01 -3.682821140521814751e-01 2.784413268214865900e-01 -2.294460917558656982e-15
8.980279110105947316e-02 -2.290614506414385965e-01 2.784413268214848691e-01 2.442490654175344389e-15
4.994001136704266652e-02 -8.984078723069571781e-02 2.784413268214867010e-01 -3.663507351236058862e-01
3.915816724940531651e-02 -1.931088665562845710e-02 3.678275478782326233e-03 -1.839143497176578016e-03
3.453160118577871390e-02 -1.781658832195790257e-02 2.298917855899892775e-03 -2.170762769769055921e-09
3.022113643736481364e-02 -1.666712980102597400e-02 2.298916227827815448e-03 -5.078846429066677962e-10
2.619803624341186105e-02 -1.551767178234043747e-02 2.298915846914333268e-03 -1.427407630751516825e-10
2.246230053602857324e-02 -1.436821388564716272e-02 2.298915739858760961e-03 -1.282984667579552811e-10
1.901392929635329146e-02 -1.321875603977374497e-02 2.298915643634910893e-03 -1.557678517422056430e-10
1.585292251170316441e-02 -1.206929824716276162e-02 2.298915526809022086e-03 -2.349317210677733260e-10
1.297928016666722965e-02 -1.091984052780794849e-02 2.298915350610231285e-03 -3.008302079665625683e-10
1.039300223942790993e-02 -9.770382908908496408e-03 2.298915124987575311e-03 -1.624656711246563745e-10
8.094088704973982987e-03 -8.620925376877022414e-03 2.298915003138321967e-03 -9.567032640637555786e-11
6.082539546956023530e-03 -7.471467893246048174e-03 2.298914931385577162e-03 -1.514795592201985946e-10
4.358354754489241964e-03 -6.322010455955677163e-03 2.298914817775907747e-03 -3.655058489667369361e-10
2.921534310900288089e-03 -5.172553115600069321e-03 2.298914543646521022e-03 -2.921423257820632280e-09
1.772078145330939838e-03 -4.023096391543670193e-03 2.298912352579077657e-03 -1.052883260900990412e-10
9.099860678360846208e-04 -2.873640234995692398e-03 2.298912273612833089e-03 -8.340712033076218247e-11
3.352580248847273703e-04 -1.724184113828110699e-03 2.298912211057492841e-03 -2.021215469300008394e-10
4.789400646064382737e-05 -5.747280461971545447e-04 2.298912059466332643e-03 -3.065215912192062377e-03
