                        0.96	   -4.22425752 
                        0.98	   -5.29665634 
                        1.0	   -6.20910363 
                        1.02	   -6.98075271 
                        1.04	   -7.62846236 
                        1.06	   -8.16702275 
                        1.08	   -8.60945857 
                        1.1	   -8.96757211 
                        1.12	   -9.25199945 
                        1.14	   -9.47206174 
                        1.16	   -9.63591442 
                        1.18	   -9.75075983 
                        1.2	   -9.8231612 
                        1.22	   -9.85889907 
                        1.24	   -9.86296983 
                        1.26	   -9.83966724 
                        1.28	   -9.79279973 
                        1.3	   -9.72579021 
                        1.32	   -9.64155516 
                        1.34	   -9.54258845 
                        1.36	   -9.43100557 
                        1.38	   -9.30873065 
                        1.4	   -9.17744785 
                        1.42	   -9.03859791 
                        1.44	   -8.89341714 
                        1.46	   -8.74299518 
                        1.48	   -8.58836458 
                        1.5	   -8.43040681 
                        1.52	   -8.26990457 
                        1.54	   -8.10752165 
                        1.56	   -7.94389652 
                        1.58	   -7.77962377 
                        1.6	   -7.61520311 
                        1.62	   -7.45107653 
                        1.64	   -7.28761257 
                        1.66	   -7.12519289 
                        1.68	   -6.96413402 
                        1.7	   -6.8047058 
                        1.72	   -6.64712274 
                        1.74	   -6.4915766 
                        1.76	   -6.33826911 
                        1.78	   -6.18733843 
                        1.8	   -6.03890634 
                        1.82	   -5.89304494 
                        1.84	   -5.74985056 
                        1.86	   -5.60940403 
                        1.88	   -5.47175166 
                        1.9	   -5.33692829 
                        1.92	   -5.20494249 
                        1.94	   -5.0758429 
                        1.96	   -4.94964248 
                        1.98	   -4.82634936 
                        2.0	   -4.70594463 
                        2.02	   -4.58842288 
                        2.04	   -4.47379814 
                        2.06	   -4.36204912 
                        2.08	   -4.25316062 
                        2.1	   -4.14708505 
                        2.12	   -4.04381373 
                        2.14	   -3.94332508 
                        2.16	   -3.84558127 
                        2.18	   -3.75053514 
                        2.2	   -3.65812914 
                        2.22	   -3.56834455 
                        2.24	   -3.48112868 
                        2.26	   -3.39643505 
                        2.28	   -3.31419022 
                        2.3	   -3.23433983 
                        2.32	   -3.1568556 
                        2.34	   -3.08167091 
                        2.36	   -3.00873012 
                        2.38	   -2.93795204 
