5.799911487018059475e+00 -1.244615688492773131e+02 5.598226062996457131e+02 -1.226820288483329250e+03
-2.274839623396542887e+00 -4.930165624384805767e+01 1.917765197546470404e+02 -2.991258774337240425e+02
-5.586365927668602183e+00 -1.992012861593037698e+01 1.020387565245298447e+02 -1.701735433439006329e+02
-6.728164767360242493e+00 -4.617583611341419036e+00 5.098669352135961219e+01 -9.025775399203139671e+01
-6.770313947272819988e+00 2.872022473169555390e+00 2.390936732375022800e+01 -4.294117723089539851e+01
-6.286959203949257002e+00 6.365660620992739993e+00 1.102701415448159672e+01 -2.553097121985075191e+01
-5.565653971525017063e+00 7.805134315293537739e+00 3.367722788526364308e+00 -7.463144013622070361e+00
-4.758926456124020987e+00 8.254784552590148650e+00 1.128779584439741246e+00 -1.450560460076729541e+01
-3.936665809621377132e+00 8.045372331455078907e+00 -3.222901795790441781e+00 6.316966623537802195e-02
-3.164294424767539304e+00 7.402687062284052821e+00 -3.203950895919828401e+00 -2.368871852544438550e-01
-2.456302114683586169e+00 6.754790267542452931e+00 -3.275017051496161624e+00 8.840641353825687832e-01
-1.812689194308919394e+00 6.126308781304697249e+00 -3.009797810881390756e+00 -3.299372994537349779e+00
-1.233455667281800450e+00 5.425368029292298111e+00 -3.999609709242596622e+00 1.231342735264575694e+01
-7.186015340923526118e-01 4.994848908023151957e+00 -3.055815034488829074e-01 -4.595433687791836519e+01
-2.681267952024427581e-01 3.555102500995809045e+00 -1.409188256682446472e+01 5.353537077110733122e+01
0.000000000000000000e+00 2.342787110764134706e+00 1.968728664507676251e+00 4.135984589301840986e-01
