                                0.8799999999999999 
                                0.9799999999999999 
                                1.0799999999999998 
                                1.1799999999999997 
                                1.2799999999999998 
                                1.38 
                                1.48 
                                1.5799999999999998 
                                1.6799999999999997 
                                1.7799999999999998 
                                1.88 
                                1.98 
                                2.0799999999999996 
                                2.18 
                                2.28
				2.38
