0.036483749756002215  0.023145461593581107
-0.0007868924458326321  -0.02386613257526804
0.11847916260003888  0.019556790282982295
0.20047457544407554  0.019556790282982295
0.2824699882881123  0.019556790282982295
0.3644654011321491  0.019556790282982295
0.44646081397618564  0.019556790282982295
0.5284562268202224  0.019556790282982295
0.6104516396642592  0.019556790282982295
0.6924470525082957  0.019556790282982295
0.7744424653523325  0.019556790282982295
0.8564378781963691  0.019556790282982295
0.9384332910404058  0.019556790282982295
1.016701639664259  0.023109574880475492
1.6093048506734335  0.024222062986761106
1.6913002635174699  0.023504328724641255
1.7732956763615066  0.02063339167616185
1.8552910892055434  0.019556790282982295
1.9372865020495802  0.019556790282982295
2.019281914893617  0.019556790282982295
2.1012773277376535  0.019556790282982295
2.18327274058169  0.019556790282982295
2.265268153425727  0.019556790282982295
2.3472635662697634  0.019556790282982295
2.4292589791138006  0.019556790282982295
2.511254391957837  0.023145461593581107
2.5932498048018733  0.029963937083719916
2.6752452176459105  0.044677489457176645
2.757240630489947  0.0768957830012229
2.839236043333984  0.1264991953388388
2.920734514281996  0.18201992792637522
2.9996959660766196  0.25827898341278965
3.0719704979721074  0.3411715194325997
3.1322764676459096  0.43947619201447186
3.194704793333985  0.5140271002928885
3.250206991346216  0.6124185821691956
3.3078522512850546  0.7076507539973103
3.361025034159672  0.8072160280746659
3.4155333483798556  0.9010900978629162
3.477309437829396  0.9818204572320088
3.529674690122974  1.070501177298244
3.6013319367372167  1.1590795537752507
3.6781981992972863  1.240359370289012
3.7635479699394896  1.3072318677144883
3.8444785072920444  1.3703041900741861
3.924225849654065  1.412818552497452
4.009534208471599  1.4372055677592566
4.088630793588826  1.4739712838134251
4.171804850673433  1.4864755710614346
4.253390696020746  1.4726817197784052
4.338447625902791  1.4608030753327303
4.417026563211659  1.4323018477839513
4.501506685535818  1.4131694448033765
4.5848997474624245  1.3696642815609248
4.66239162437374  1.3535689245906972
4.752284863779593  1.3227484361535458
4.831085650149187  1.2928039849699622
4.911483749756002  1.2682378209578105
5.000467408012883  1.2268949745875863
5.075474575444075  1.2057920920015504
5.154603015811048  1.1713270448378341
5.2403971671871945  1.1278282077787827
5.321460813976185  1.0868542208056358
5.375627480642852  1.0469694620321315
5.445111650457568  1.0259468847624331
5.482966930184136  0.9918355084636257
5.547569376667317  0.9758611362363783
5.565956226820222  0.9409122625662227
5.646460813976185  0.9293328164706893
5.7314378781963695  0.9072864123859083
5.813433291040406  0.8750960307298334
5.895428703884442  0.8552865650953259
5.960386108864783  0.8355693795802335
